0
5.46715302638049 2.2787041243243786 -0.028836585671489737 0.008273531701204314
0.4415186362615987 5.823163493032509 -0.014463012358394478 -0.026283479098493195
6.470435066419335 0.5077984908595156 -0.018737081095576272 0.02342908005060801
2.2836892719295574 1.159155060141043 -0.02072914072226018 0.021686464094377734
4.103980805476662 6.829827168198402 -0.005123710264028045 0.029559221795072574
1.0388848460528806 6.1111364191861215 -0.005429817429140021 -0.029504526477918725
3.6076167390656435 6.71205287018973 0.028212508368815354 0.010200704462904683
0.882929181583502 5.2372295952227566 -0.02995123500394207 0.0017098309093695307
2.8836261910159777 0.7478312639873249 0.02848687678629984 0.009407329640348062
4.042563741054579 4.293193627106648 -0.006659797692342915 0.02925144602745416
5.258464644799827 5.688307340573479 0.014140582637803809 -0.026458343157942474
3.629260712289013 6.918636264873491 0.003446871065800891 0.0298013268136797
3.1611202030409715 2.239379406773682 0.024964815523832368 -0.016636044778162218
5.55490170853348 5.155890975103679 0.02914287381205365 0.007119895081721183
0.1772242216792811 5.640702905166042 -0.01808440277982878 -0.02393646540525399
3.112948826941468 2.657307174446757 0.029558318325503537 0.005128919746710963
5.812008680650615 1.22446981386995 -0.027172811662509757 0.012713705453319802
3.964241950701275 4.880885224938066 -0.0204093909682162 -0.021987650177008343
4.292543689957611 4.065879382923331 -0.014764496444071509 -0.026115314372088264
5.683610122897378 2.010856997774272 -0.029033854548857537 0.00755217121335212
5.031285310716804 2.9289501822636197 -0.028024801352452017 0.010705629787901485
1.5057791734128148 3.658628810637099 -0.02855979041198779 -0.00918359252271846
2.3328254549259255 1.753066185102366 -0.029948501523409773 -0.001757059049184844
4.83843606780693 0.1932297228610439 0.018331009085953337 -0.023748138998470936
3.8810254606434356 1.767992030919224 -0.028949909919354793 0.007867827887113635
1.1967332771091703 3.864946807323707 -0.0017063848651132992 -0.029951431529930454
1.524697499929156 1.646744233432666 0.023187957126083708 0.01903466953532169
5.245066564685304 1.9702129874215348 0.016958264699568834 -0.024747065651898156
3.370078545231049 6.163502312644766 0.022242922258107162 0.02013088198315715
0.22485350103328205 6.3621682914867534 -0.029782795216276425 -0.0036034856882388336
3.874032820108764 2.2026454320239686 -0.02641546965897123 -0.014220512040569087
2.3956043690967688 4.544938502210106 -0.0294183318843774 0.005878924148228474
3.1528851306249663 4.3280935959712235 -0.029938566366154103 -0.001918917387327063
6.743286594494976 0.758953777840065 -0.02466917864652036 -0.017071368571560507
5.420785185698119 6.960633172681954 0.029150897511081866 0.007086972153070793
5.715408732601549 0.4310849291653882 -0.0014356142566319945 0.029965630507402224
4.144445116910102 3.59413602700802 0.023088923921783234 0.019154675464076804
0.5551141086798086 4.641661758764446 0.005094393080293824 -0.02956428857834151
1.146990423134566 0.8070264120013728 -0.021376185537042715 -0.021048959401498347
1.9337064504094368 0.06832726357212271 -0.029282893871970538 -0.006520132397651935
3.4646773356420724 4.568559798619105 0.019178600881885628 -0.023069054341548895
2.3573920164432836 5.875066859528215 0.02257262463188962 -0.019760481199298
0.9116229469322698 3.8042071804632607 -0.023222744602958034 -0.018992212433147
2.662705553629916 1.0976679562709581 -0.01383392386230264 -0.026619965262411848
6.147868631583308 1.252478600796985 0.025905592585816622 -0.015129450511425814
3.057292843326835 6.061447524826176 0.020453120275023932 -0.021946978630677277
6.886580462957201 5.526871844101143 0.029140624312554316 -0.007129096343476364
4.427795692855999 5.783616338395888 -0.029316228878841468 -0.0063685731779874735
5.981623234422512 3.2793488374311224 -0.02636169725260201 -0.014319948252775066
2.1719815732414713 6.144524478679385 -3.660423594535371E-4 -0.02999776680006506
4.474905816656929 3.5620614077062758 -0.021765612134438752 -0.02064601967482286
0.8435685583703534 1.04577346557788 -0.02921956832111253 -0.006798295898814424
3.6746843948838577 6.596282334224014 0.02407901470383593 0.017894162480888928
6.479121840456416 4.9484413937370935 0.020302716017224328 0.02208618849697572
3.6054432520742097 0.20413051391571746 -0.014060648777173642 0.02650090858753649
5.23878886531442 1.9442123831051226 0.028628896652063716 -0.008965839418897418
0.29420944314633557 4.240274515153995 -2.894996578463668E-4 0.029998603133281166
2.896440149682541 2.1519413786160313 -0.028405015222773392 0.009651689499461312
0.6174585344646145 2.406085112701224 0.02999994329064507 5.833145017653234E-5
4.7980962978880735 0.2511303977610507 0.027719426627878054 -0.011473159435032926
3.5605427800731713 4.344512175610538 0.020450159209490372 -0.021949737773069092
6.036542828796699 0.8141006803049834 0.002353149089240733 -0.02990756909820331
0.674342135409354 2.7352451686399535 -0.021720806947169092 0.020693152141803117
0.20911384486362283 4.935586262262163 -0.017731608294827318 -0.024198968310215438
1.141239132740282 0.14956969584080948 0.028595425835004053 0.009072024102414119
4.007208043755794 0.09044608536477883 0.013364251262579216 0.02685883073014627
1.7773475899433044 6.423961538243903 0.029944730789955177 0.0018201917253713334
3.8807937113147637 1.9887210257722314 -0.023955245271117823 0.018059518930486136
1.546054212126826 0.5902049433240905 0.025636851578899014 0.015580495535171629
0.8076477419713829 5.206990702759819 0.005917459823917195 0.029410604707015557
3.9884052058398702 5.605138102873298 -0.02747036168670342 -0.012057330915326856
6.032220190975697 4.0236975133429524 -0.009899909283174737 0.02831945967325137
3.590827725300681 5.980610769530285 0.02860875943422298 -0.009029888351178968
1.107755489641058 5.0946843448637935 -0.02750778515399678 0.011971706474916365
6.415385773925837 2.477585973917477 0.029618949004465676 0.004766325615278684
2.3407468723679385 5.497678612317646 5.743539439013896E-4 0.029994501455218835
4.670645573658906 6.429379831282666 -0.007267362810516144 -0.029106450106124705
5.290133444755358 0.3279856277803931 -0.029973494892608237 -0.0012607949566793165
2.8637751148553954 6.457757542728666 -0.01724380335805007 0.02454895610303829
6.384237656382509 0.22250032935632158 0.028571753438019917 0.00914630556437937
0.26137911028576144 4.880085482343795 0.015763728335256726 0.02552459341443511
4.383711704969853 1.1587248565395325 -0.010753490863994877 -0.028006471292149226
2.815558828001832 6.342184759052144 0.02999771650279115 -3.70141348907981E-4
6.814333360415228 1.056282980878383 0.02192996553101845 -0.02047136077080228
6.153661410815076 2.094283246934146 0.003213564517603813 -0.029827386796217964
5.9230495483080325 3.4901353640297086 0.00942078170989923 0.028482430935129605
3.559196529674407 2.128965145586683 0.02983401597377348 -0.003151426800138106
3.056060546349169 4.300058928664809 -0.006464440507287245 -0.029295238673336384
2.9145688351556545 2.4708840125485123 0.029973938061018595 0.0012502148272280121
2.828928232074479 2.5958952052064044 -0.00415244541133271 0.029711230151340112
6.86390818975193 6.426916860591473 0.02834126913911038 -0.009837299608353365
4.343751969955688 0.36158005727716 -0.022155095707442424 0.02022749945480326
2.969739275324697 1.329247927451759 -0.01004542757764979 0.028268169109126842
1.1236229043905182 1.2552286618159667 0.0016240888412413187 0.029956006667040173
0.5670754037786835 3.3175455847597286 -0.022129798791750803 0.020255172313180272
3.0741413924946146 6.692805944388373 -0.0069754228403457776 0.02917779080393823
5.502369200173772 2.1729975801534698 0.01946870384626794 -0.022824757842008134
6.668259185342497 4.747580195953194 -0.01463186388399453 -0.026189856037791743
4.825398537526648 1.127737704316757 0.024801215198289532 0.01687897285643093
0.7846499701364532 3.8581600181385025 -0.008659832250265587 0.028722940403051702
1.075491276990659 1.4974483921261017 0.029987704014413107 -8.588410469650762E-4
6.139939056789776 1.8290844801193225 0.02208192994931485 -0.020307347677960108
2.5685386212643992 2.82012130056985 -0.002280062009743436 -0.029913229802743208
5.548273469667747 3.847473215216119 -0.029868946427556813 0.0028010782402034303
2.5001459977538936 2.9057001417995587 0.025009778169698394 -0.016568373363202486
1.1528390610166679 6.3980140926002305 -0.0034271934601547024 -0.02980359617540596
2.888302828378035 0.6133079888935057 -0.029997962135865718 -3.4966797846906105E-4
2.216132306179616 4.4106254751145135 -0.0286009391869217 -0.009054627415084874
3.994523321123892 5.656832937464989 -0.008724883703101958 0.028703247279138047
3.77026137148237 1.0476025609122042 -0.00817557977397307 0.028864509269332855
0.6970269824268918 0.005750310015191773 0.02743458655372704 -0.012138511466652716
4.734645256940949 6.260228349237084 -0.025035585171367558 -0.01652935192701761
3.1078576015874546 3.2843014743732017 -0.0033354412501589567 -0.02981400395228286
3.6536386875493285 5.1020967217663795 -0.027181527165270846 0.01269506128239021
1.9956355669749426 5.594727943502406 -0.008348390548740698 0.02881500260707427
5.716431215107994 2.4642781248896606 0.005519526035199161 -0.02948787602298203
3.217823218582139 3.5935154325251517 -0.016037421538189645 0.025353522642946696
5.749769531920665 2.03560469831865 -0.005855115185092547 -0.029423079821278033
6.504951916369954 3.955992294845643 0.02808349697228914 -0.010550696555556254
6.552447362156614 4.232546077536742 0.02685507261868021 -0.013371801473451976
4.6513889101007475 5.1747476684913085 0.02231803847202281 0.020047572390723765
4.729081902551632 1.3832681245277736 0.018821728807676096 0.023361132778405583
5.233165382334088 5.379879393440408 0.01927885307230241 -0.022985339332204254
4.617518926560553 2.5885577450777575 -0.023753537239912914 -0.01832401344116704
4.626547630452091 3.550905399902921 0.02934902950399304 -0.006215663051818849
6.355499424825714 6.370497277462015 0.009877774339052963 0.02832718789620224
1.7779465411237991 2.446220599452027 -0.0076012443769630095 -0.02902104553460623
1.5423109952255953 2.113347404091805 -0.026630690122174266 -0.01381326694220922
2.266051214554989 4.219351546186112 -0.02998266255222214 0.001019777563773613
2.5925034822925674 0.5084673889200121 -0.015832701244868966 -0.025481867500062167
5.7935393712818515 4.26315395613765 -0.024353859531355087 -0.017518262640085776
1.1019455197165675 5.047764104341208 -0.027710597441320907 -0.011494467775632723
0.8942414862754751 5.14286000498637 -0.025691118678965872 -0.01549084959010612
3.530264173169294 1.332787561473717 0.006007025600102737 0.029392441944141187
1.0912452643092516 4.693964471770437 0.002449144483368886 0.029899861058198644
0.004863777173682804 2.5469363510209924 -0.011192990043194325 0.02783373805102277
1.6942772106329398 5.696936273352434 0.02660111221593019 -0.013870141631414206
6.155229293012206 2.2972132137392816 -0.022438547446673167 0.01991259873756806
3.2860485643948723 3.051353121990037 0.02523316539508465 0.01622613213752133
6.75518038264009 0.7935924854477642 0.0018958713975873414 -0.029940034596570027
4.575519055547249 1.6891378470557903 0.0016906198649578 -0.02995232552694715
5.576339541272827 4.575484145050182 0.019648085746641772 -0.02267052550102473
2.752719259126254 1.5500600652251517 0.020381630331324254 -0.022013385587801866
5.80767941458586 5.996267462186494 0.0057919929697175295 -0.02943557061513744
3.779546343996073 0.8306699352661261 -0.026029020080828094 -0.014916102494681636
2.571060180931303 6.171832097664467 -0.019394875990016446 0.022887524665893503
6.911567025488434 4.276537238601588 0.008349788840177206 -0.028814597452063287
6.436742109229209 1.024014276213975 -0.029717705174255458 0.004105849385453658
6.338238590302369 3.9614369752914964 -0.01183239929588869 -0.02756799461155368
6.219691330389008 5.294411810405917 -0.002083142309313815 0.029927587910139813
4.527101330701408 3.5583939612170092 0.029870779873340678 -0.0027814582072044985
3.0989063484416257 1.5610725603522 -0.024915920702857197 0.016709185962485787
0.9885671531068325 1.4068761711284665 0.023724323341802717 0.01836182131417237
5.957941978381444 4.405869148606527 0.013564471063460377 0.026758272081144292
6.7721955571767145 6.396607327444123 -0.021844750763009013 -0.020562267970776402
2.5833944977707235 1.2030344222859086 -1.919550864261291E-4 0.02999938588112755
4.546202482684665 2.078296658197379 0.02987325365744111 0.0027547624068476597
3.595531692632414 6.731475011256521 -0.027029950524311043 0.013014675357199544
3.2859314191274622 4.060018095259126 -0.023916664695087613 -0.018110581157509815
3.915853315150863 3.8603814333613102 -0.025860859418214567 -0.01520578673240365
0.04375237349472083 1.3180987924074872 -0.0050070649328167426 0.029579203856063416
4.722599752923665 1.2777100671645032 0.014878637547774064 -0.02605045382948189
1.3351417412629036 3.0343997243100587 0.02985189624106576 -0.002977295889333796
6.807693329822486 5.1858563100872335 0.013042830755400176 0.02701637588363745
2.1494127169976966 1.0371453816532679 -0.01939321748444769 -0.022888929979378945
0.45598026054082497 5.592897873746699 0.015143998585676518 -0.02589709070218173
4.477753281447807 3.2674194811884085 -0.023504653152591152 -0.018642190863103692
3.4268159378563223 3.4989638493040287 0.022810012393330695 0.01948597789735224
2.498013414606647 1.3937034469224778 0.025090485953607133 -0.016445896588871127
4.663922484126454 6.586447995242829 0.02020490829141189 0.022175700235519846
2.8203659826316834 5.056075438557388 0.007450822985595813 0.029060028163050998
1.4051626886594255 5.843985821731194 -0.029844901773675228 0.0030466109235800227
1.5889147596745803 1.1217770553455473 -0.023212234286988112 0.019005056679893738
1.6506132128868394 4.714474261954261 0.001594399252884827 0.029957601556573253
6.0630938596892 6.984724398865677 -0.025484215313449323 -0.015828921942373557
6.294423381047542 1.387228149832659 0.02830175899191144 -0.009950398884655817
2.8339100255743586 4.631297226224308 0.02475152197522972 -0.016951759787990166
2.7808732177812647 2.737024357403993 0.00967685602865331 0.02839645149311294
0.031526902178048655 0.03958437898478551 -0.020523139250819056 0.021881516293243714
0.1333825232238247 2.334805599613132 -0.02629541134119443 -0.014441306810582732
2.173259092971939 6.173534304158652 0.013503021466659888 -0.026789333908683176
5.680683632052674 3.05585783089364 -0.014849354588328248 -0.026067156889658962
0.3087572853555114 6.399618927325013 -0.02936599330331373 -0.006135017303132317
2.3987880913169324 4.934104395289514 -0.009578814047197917 -0.028429673256110486
2.4191828562747495 2.692247452825579 0.017245921048623273 -0.024547468447574234
1.4607123946942986 5.351676708008411 0.020962089345527925 0.021461379505290534
6.899756008215282 3.433988062420061 0.027030724610713864 -0.013013067548420234
3.376269919754417 2.9101502715528587 0.017105307929333426 0.024645657642730554
6.1336133793628 4.464482753977258 -0.029533391933083047 0.0052705560358376775
2.8777907974110177 6.855924310798343 -0.029573292555311766 -0.005041861505232144
3.5859622633203436 3.122767418485512 0.013059152907476376 -0.027008489875206855
2.908738126689425 5.882444546639572 -0.029997952647087153 -3.504810738356127E-4
4.400702383082955 4.274580909911676 -0.02294377064340509 -0.01932830537483364
6.473310186143668 3.114722659561501 0.029122645021348436 -0.007202190427955167
4.759792853579448 0.46041881454325073 0.00817912117415472 -0.028863505968930628
1.556834274567036 5.9084153952876735 0.029455324056161095 0.005690684031514801
6.314555244744556 1.6608551363277404 -0.004243497624455857 0.029698362377599836
1.5077821351032585 2.5312371451493347 -0.006668847224129044 0.029249384210632987
0.06685817554544216 5.400509385226322 -0.008059082230529716 0.02889725235384084
4.439414836586084 3.3064719866605974 0.020521107715964597 0.021883421535714615
5.368863731086285 3.7265439677757892 0.013179075935999414 -0.026950175462752763
2.947332768975288 5.307713791938878 -0.026325911370518006 0.014385631390788191
1.1280126418816936 6.555459757030405 -0.020709696257928924 -0.021705033538428932
0.4116865875365966 2.324728943484938 0.015140898645886245 -0.025898903223785366
0.20757778081767841 5.115048547613996 0.026943105793149805 0.013193523040459565
6.850668441439625 1.6496460663714796 0.009112097923734155 0.028582681319783133
1.9639476566355611 0.1766165554003497 -0.015047552629446332 0.025953249504908682
2.7845168030128233 4.040809788292878 -0.029961193401861333 -0.0015254146768210123
1.374460601388587 0.014106382076818358 0.010115980463964716 0.028242998057088135
3.254081762440768 0.24198908729626456 0.024277810918015987 0.017623504107556583
2.5018774379716895 6.907724268542209 -0.029473454643143784 -0.00559602281969489
1.4905884416217727 3.103719913467251 -0.009619591503915923 -0.028415901521820285
6.784339162911095 0.4744551998440705 -0.020698243992749284 0.02171595486310971
6.057332918914644 4.061052495830457 0.029379962689224905 -0.00606776667149887
3.706948113183166 5.428891347898455 0.0033591801929110676 0.029811338588388712
4.46146993656109 4.5606198761391115 0.02999298212481781 6.488630520837493E-4
6.630067470194637 2.9056893746254335 0.028866149106650304 0.00816978798700626
3.4747690998933987 0.5456588175533732 0.02559878813926993 0.015642955149228456
1.45034112067123 6.388418744256892 -0.02717131729467548 0.012716898854361827
5.994314785956633 5.0494111617350255 -0.028911416985599566 -0.008008118873042834
1.3366855108282278 5.345407025821039 -0.003470337378666303 -0.029798603297440492
6.333816988995329 0.01737140420634553 -0.01758017322520349 0.02430920626782862
1.2016239547765695 0.9563876357204635 -0.005884710601750553 0.029417174934613363
0.05780750628519482 2.0823850445657297 0.02017511116573372 0.02220281264728157
0.977963007533825 6.987398007631804 -0.029969320346944394 -0.001356406260021188
1.8770074440645925 3.012051923580643 0.011214435758204333 0.027825104323705743
3.014741058233571 2.926667080701285 0.014343785681480743 -0.026348734548811786
6.814119477864772 6.996771934098598 -0.012080550007030833 -0.027460158621676372
0.2804824048525244 6.500517239859959 -0.029755002425838693 -0.0038262031621874855
0.7539619082076617 0.8637209633271282 0.022193505008853434 0.020185349524395102
4.065119766000135 6.543036043091995 -0.017874381003586324 0.024093702574295887
5.117038275959026 0.40486269269015174 -0.027188371488498172 -0.01268039651601714
3.956624873239961 6.872041330593796 -0.006367740595886371 0.02931640973420007
3.576299409964068 0.4666563005102464 0.005269193039091513 0.029533635142271083
5.189706175200966 0.13038065842536528 -0.008174123029132858 -0.02886492183783978
5.386078796555536 0.6394582867400153 0.004763041812852169 -0.02961947725212283
4.630281211704875 1.867698851925904 0.024066783719260354 -0.017910609185908352
3.7511892038328347 5.632871450930571 0.020134945017463417 -0.022239244347408142
5.482326969611098 4.173453024807474 0.026271045004973327 -0.0144855857439962
3.052287412395911 5.759745421103178 -0.025039457142998007 -0.016523485890815107
6.047827534194862 2.7152198413725652 0.026290783483536716 -0.014449730233530068
0.30830450458270164 2.859583933064878 0.027432700677606312 0.012142772893077521
4.00361444327002 1.7034536574339105 -0.005137793003810031 -0.0295567772778089
0.7235975550705847 2.1582741048512215 -0.018685349332309562 0.02347035833406807
2.6018563105945387 6.289141306554545 0.004455729317471341 0.02966726270233616
6.090200468206676 1.624985104516186 -0.028802431543593878 -0.008391658785757941
2.0778133236025518 4.726717695922435 0.006624578240056742 -0.029259442290333674
4.325988494796581 2.6915556295268823 -0.019114440280184133 0.023122244112007688
0.4363751901529158 2.9017616023177273 0.0278215225687941 -0.011223318669363375
6.987666890979108 5.5405931637992865 -0.027232256246255193 0.01258587381703372
4.468127848061357 1.960065443912109 0.02703442770535009 0.013005372683787247
4.741358290800833 3.5448827395610696 -0.029883017274728887 -0.0026467486768212154
2.5496399478506904 0.7885272784587585 -0.010782420199412302 0.0279953463033288
1.8693775982333536 0.8046768732878454 6.009471919044692E-4 -0.029993980437290114
3.9478485846481095 1.3238948776645203 0.02860467910272454 -0.00904280561718286
3.883908526643575 6.73630743486498 -0.018814036260901012 -0.023367328464621324
3.3644987922970113 4.515790360235717 -0.01945459286474724 0.02283678647417201
0.4791831466992106 5.423696961058277 -0.029504657695894224 -0.005429104368872428
6.416340941492986 2.486870749777805 -0.026923954481460295 -0.013232561168581614
6.733994145279086 4.265303065033184 -0.02539903290767522 0.01596524748805452
6.196091175354669 2.8347704311042863 0.019660576120971253 0.02265969431813887
3.854665010034001 3.5974296940491572 0.01658217590919696 0.025000628834420304
4.747056358640632 1.2550880669159583 -0.024406845982770087 0.01744436496904773
5.581789650975648 5.418468107790252 0.025310889115240043 -0.01610462331742109
1.9129507543108923 3.957702995200558 -0.025221950221122617 0.016243559555812043
6.757094949502109 6.498390564781475 0.022870701515302155 0.019414711231382133
5.999069310569741 2.753859540059448 0.02160843304757483 -0.020810469029516755
0.622766904495645 5.6577182553630045 -0.007399210921741529 -0.029073212373860253
1.8600239844840303 2.8405554921551133 0.028273137980961094 0.010031434030562891
0.19571580196044913 0.41739241465990584 -0.026964027950017008 -0.013150710882332616
2.4742235411201365 1.1618016817560206 9.841515589236417E-4 -0.02998385308310238
4.09288482884884 6.835747809922419 0.02465461633056788 -0.017092392857423314
0.7908279568943158 0.8213417853173098 -0.02620719104479042 0.014600792360069259
3.378283096176105 6.894529515275225 -0.02743165357922412 -0.012145138200508073
6.358812455512221 5.224667654710861 0.022338674738029685 -0.020024575175231915
1.3335324272181723 6.2091292577638 0.018542227462349344 0.023583591769162256
3.140931455866959 3.8839611913012395 -0.02985902506630747 -0.002904930651430779
3.325080840345565 4.008594251685999 -0.02815849139040675 -0.010348882191637357
2.3517987764630357 2.900395508105288 0.029421819593632607 0.005861444514770773
5.534672068436826 3.8512509249763958 0.026535550788171696 0.013995161462747062
5.466153046875643 1.8946399076727487 -0.008304678663745929 0.028827631055845068
5.945147839572245 3.4578879487596224 0.029869180777429397 0.0027985781542136995
4.75092069374362 0.26711975478344907 -0.007119973657841993 -0.02914285461501045
6.419272898554593 2.605386529230438 -0.0022663807028326967 -0.02991426947979555
6.266333487899141 4.391448822529264 0.016478080457969894 -0.025069361069254847
0.5912248795370058 2.4316058355515935 -0.02703340267855576 -0.013007503204652849
4.943611182165616 1.2624102305736264 0.02999023288958595 -7.654614480149282E-4
1.803025977045074 6.662518652553394 -0.028451675998374774 -0.009513260896427933
4.719247187397385 5.89702216826125 0.029999460203905776 -1.799652029521737E-4
1.983955652577809 2.543429572970766 -0.020808470942582077 -0.02161035717038747
2.1314986529574904 2.914783834174718 0.019516646261338103 -0.02278377753380237
0.7904793357837847 3.1991279973077775 -0.02922128623120037 0.006790907965379856
0.059181847231865925 3.270496402653739 -0.015305883097928257 -0.025801743014621206
2.926149159972478 4.277677965660439 0.028231933256679935 0.010146819432234389
5.4053402977073155 2.477548380713447 0.014888589093783837 -0.026044767512812643
4.352130858413002 4.266996418725155 -0.029126738292269864 0.007185618724481575
3.450924103867143 0.3168429797508586 0.025334775383504076 -0.016067020765138624
6.414433075369787 6.483322614785961 -0.02523861329237312 -0.01621765701567421
5.981574917630813 5.280322634120414 -0.023646844047109716 0.01846149415978219
6.16666394015506 6.290156238457762 -0.012736844522989836 0.02716197326405399
