0
9.919864344565614 17.806768004831298
4.654654722714482 4.16956671943473
13.688257114160207 4.830328162556167
10.167427189216319 4.047455582078214
15.159136167130985 7.563400591713152
4.900152106316858 16.604255704163155
15.769794815783246 6.014106923148843
15.26727123275219 6.474748597246805
17.354425398782965 12.420984326669604
3.417868595608151 7.487043569201639
0.5183591718831537 12.34888012414846
11.549480700157723 12.711118818567478
7.754145241271302 2.7894152380563986
3.390807876808468 19.634795575096096
1.1584769273040019 1.5244361993102173
1.55022873327459 17.704077203020162
1.1910123108262938 13.124159092596354
16.321546035115023 9.390580409528745
15.12314924033151 18.68999303970448
14.05793095832397 0.4995524377245375
11.65686724484937 8.8153093533978
1.3695549334941948 0.6077600151534757
11.65076420477985 2.2257009984006615
5.169933438472034 0.32131651700256336
3.9724580578883018 6.173567989173378
7.9905388962020485 18.469282989232877
0.20354200034826464 18.900131179412675
13.002769402548838 19.399680170666095
12.255328929220234 9.341274391937073
3.8308911136555124 8.220308544614845
12.910639148557873 14.741878328750214
10.50910237966658 0.1275754845656185
0.8889223101543942 12.956610417172133
14.83040457198842 8.892286605976217
19.239036041899162 12.953397587136358
5.854484768871555 9.122163096497818
8.69603062587843 4.399102780434248
9.486360762226782 17.09661492139526
16.095330200187018 15.195203081131252
4.807056477121501 5.770075795078375
2.0197160397846026 4.444547099092344
4.232117710384065 0.9660060647495294
1.561567319369257 7.568552529605603
14.593305055130415 17.834432179387434
7.414829339693392 10.157485989042243
11.883327884979767 9.3216802916176
5.468225265216498 17.624745693292066
13.673022544197073 11.701745171004346
19.653245370829517 8.849356415387245
0.10490677822405647 6.144514590983885
15.00748650440639 13.729154734882187
16.886566307456143 9.846843688043114
5.745948012118792 16.93043766383956
11.85187660789567 5.428272687110138
18.589913380372053 3.1081189367569984
10.42756904244609 13.093939574374122
10.685083461765373 2.4837230294521206
4.737216515980243 6.49304052241993
16.14766127939282 9.906826463178826
16.094206291514137 10.251962116957113
15.609109911294636 15.388840479958594
11.279834323364753 14.836989740585572
9.087347521564277 19.586304438161566
9.272157855267299 2.7022846448787763
4.094167589427635 13.824146731435603
6.985794941945567 18.604597425954047
8.095704018579895 0.9876479234623958
0.10238111134455385 16.516968076217296
17.274795913867862 0.9751207386230942
18.215922738619888 15.749446853675625
2.001137046390906 2.3916089189005807
12.286825938196662 19.685648439524655
3.4971194971921338 10.777179100465869
6.792905948972394 11.969732291265284
15.894323813804455 2.9016713500863456
18.98521088527637 7.029190106805205
13.207630489984314 6.521044002572185
13.301030716928041 14.494592456948999
11.710961277471206 5.478740467334491
0.25599192845328744 0.3782342979786302
14.780692136647598 1.148781279769271
6.031664066497746 11.799402679070795
9.479805079961157 2.9555638291606057
11.494645091183875 16.594761762485263
11.987887897790221 13.068639667486464
7.527615021015672 14.3281436563901
12.439109740042053 13.359016615471273
17.322386074612215 1.0148014331960376
8.81234056758542 16.31681225241293
15.679498093377969 16.300977310580098
4.224609014940421 5.868373361229384
10.378457564863526 8.890403809273408
12.311128273197994 8.894248061916787
1.3272237433217526 3.685151952093375
11.332148010734493 3.7376894679743145
19.469104827508662 2.409009522041017
9.228919549504047 8.106637335870028
9.31973808810324 18.40736292936883
9.05810223536873 15.510420991477469
16.526364446008753 15.86833228754329
17.06595512125438 6.735694099029297
14.986145254298911 13.885691727604195
14.120705452240404 10.854402635645844
16.829794115687175 6.58488774293404
15.303502311198347 8.869864196976858
12.971325865403474 1.959253114335191
12.165407968791328 2.3453167722908397
11.944266710910298 14.114288413456467
7.489899722540692 9.222583158829957
0.38918549998341767 16.29367106287151
13.357394221600881 19.526768797515043
19.826952811733857 15.361430495700876
9.890329588142295 4.766203258037709
1.246653618605622 2.340507239377785
14.264384719680525 6.575102687415459
1.5566186329867326 8.158699409424951
7.40342932536122 12.509726204414335
4.0915630690095295 8.928774258543815
9.232845097989923 19.897074597053347
19.138363691060615 0.8903166743790902
2.4478792419102002 12.248452941112465
9.837525154312733 1.566649596016838
19.46072838595604 6.988517024284593
13.836921426086974 10.740957001572617
7.522081358894008 18.113687128696874
11.718937377264208 2.5315222135284765
12.96987547818954 12.882108849203426
9.491650542036954 18.146754728156253
17.140062273089324 7.750609601475302
14.329241378532476 7.826494192388431
13.681199465145145 5.512387794106877
10.266340431437174 10.026828336345087
19.84672143212984 2.9524539707473907
3.6955561121023384 16.081461533662168
2.7957777678388096 16.32611837955862
7.286956808109341 9.373450977242513
16.015546568788405 0.579103789372204
5.342815249661587 9.476899251925278
0.6849763932639386 17.466149090239014
13.62044957352219 13.778983968072042
12.131929141912934 17.588239217141233
12.300530131761072 11.768479242248485
2.49273517200278 1.8568838961005296
12.04775276545387 10.477706697107106
7.265199593057023 19.007159412810207
10.005305916524964 13.490639937829927
5.653132781245443 17.519482620017346
5.084097869495299 0.4806597557941128
12.432504984560799 2.67340009861472
10.052233286775916 19.417239963218936
12.526361755817268 12.444928857505143
1.6997654247094007 9.381635775440193
8.55766238817951 19.572279824691954
9.748282323270674 18.357411075257716
16.356238995949507 11.353082770920448
0.19440410159216492 7.412434340926064
13.728104182516175 13.599489461850375
19.42082522624758 0.3647493022075943
3.75236752026767 10.665843605635537
11.678034882081459 6.325510839455431
15.453045201088711 9.576859195167732
4.434408383505426 11.437952569640537
11.900090618951802 3.0225504264693237
13.611874437142724 5.682141130231042
8.62599638294969 3.3494254444745697
13.868903298435722 0.7910441705974636
3.7013471519972274 7.665743090649501
7.862093990573018 6.1242317440572
4.894747864143416 12.791916039961254
12.812157621285937 0.7712997563255275
9.049562442007495 8.025409422388973
2.7196449333318573 12.207895859631094
4.141949291162348 13.552791129138457
0.2202753500408816 4.503003645039277
5.441697662551242 2.8298443306421706
3.339274480586081 12.376921636278912
3.7794074634668617 8.363953226005844
19.29864729518821 11.335160618679707
16.130582485759877 2.07124549401978
0.05085116188312089 8.654258067282301
6.559236387799434 3.744257471159731
12.356858937604274 15.171288856104542
9.020655231302362 4.15417001332294
8.996137890766231 13.62964538058596
12.604968973509546 12.924945795495562
17.090601393186237 15.759416447393424
4.510237217564892 15.554976208640621
4.544120334305473 17.32150993562553
6.365772753189347 8.825130542806397
6.2437071000370565 18.020407584736176
5.48346332199761 19.320379580831215
7.938031756125099 11.4912549644033
14.196880794987356 15.905449902828737
17.603439071073105 9.49274698406396
7.6549988787232355 3.7332410048559628
1.6271887589236989 3.9880657644463513
13.269371399215162 14.728024733350368
6.2821563709423085 10.971900139229566
13.47066059903296 7.473721390191647
3.736768222220026 0.7023599467166952
17.512417431369123 18.050837185780665
16.238482722971604 0.42238228423340907
17.767076262224503 2.6039171504998837
2.1286468648666657 17.7060032832589
11.291129496450498 2.284659967739888
12.991101352066474 15.240654708382777
18.39349683909414 1.7041126549314245
12.506432088936737 11.157420416550245
6.523124684553703 3.1406571041028375
4.478299840037465 2.9469781706370224
9.998894752456282 0.48876325818469013
10.017806279583796 17.549720528304128
3.936934810804864 9.296785775111406
2.016395400845443 15.384344889246897
4.187472218803709 12.23034403861573
8.807310088236356 1.8799682727730138
4.175391691073267 12.911120540026213
18.31016062695022 6.50261751183619
4.245697431239506 15.3191833549484
8.972692685180018 16.317719029220356
19.447101737410087 0.8102275877809717
4.4683740047781795 18.80599460488294
7.644004001687921 0.2874075591968994
15.377946909296396 16.950951013781953
1.4291469676022217 15.180711664214229
12.977627320434127 8.54193598513154
14.516272167573298 7.6251208937326425
17.776164602580863 11.187510176142379
6.124127842039444 17.59206138019118
18.587504269894982 4.709664302649199
5.32021540905693 12.7169509334211
6.695325735871547 13.390202060374602
1.3746792108297945 15.178921361643084
14.060265524054396 1.9663736648606545
15.881804840100882 19.22707421302908
4.540156464399936 11.323647598449742
7.738580297791118 12.810909942291197
2.7381588841926496 12.50926692668098
3.026849506019016 7.260858212280921
16.363174338955567 10.991035376637397
8.42758478884724 0.07811041304792044
14.881480986555808 7.011549902883054
19.002857649215287 7.631237766031123
9.758047317613247 12.438885406152483
9.013101339188216 6.920365704732998
19.730517089233942 19.6905042768311
17.894311529895855 18.557951790130712
18.328395085616492 14.107964239837983
12.601837602712934 6.728491554087195
10.244481674732066 17.585765226542666
2.2344699856074612 6.127769566325735
8.185152026796644 8.308458866647408
1.1845456977056834 10.745540860941915
2.4705874445049125 19.1259313536634
3.0168329555163265 14.843823089033613
11.925620801156207 15.397548182635035
18.86098563953209 2.5962427801891064
16.49636439576788 12.061626826840776
11.309387368686416 19.592182316927975
19.547341385425533 9.237492136204748
17.644236160644112 6.772737782515737
10.938357897959802 5.843145262232204
4.6747610226791565 15.353785510840973
0.749896335582656 11.512360508013401
11.547473770016264 9.904740423185899
7.9203270121350355 18.52079987199359
16.599412643418535 5.989860457832393
18.07778472773769 17.48153170508076
9.656350217360782 18.64224673149807
10.49407062955601 3.2460988236593002
2.134974768865654 18.428953978340946
15.357482407127716 0.7480833804903142
3.8900884691859083 2.978920493397945
19.456004907937917 4.451883007246713
17.954885545062144 13.583700896907178
10.881818170402935 9.620201532942724
12.154425722917248 18.844271316560896
1.5126200286514924 18.78953695735752
0.029423841912277204 10.325449724371683
9.794788130309994 12.643728854464936
2.589528483529495 8.792764561877313
5.747934239905959 0.9014099780974782
7.122282436158709 3.8448802553516126
15.129937440918425 15.883986878152106
9.615998245130617 4.61797349745753
10.346079616717393 19.106563135469877
3.3117947120029756 4.726728093725006
1.955426119066468 19.534983008490634
17.482103977816593 0.7199094377527437
6.522136757626516 11.077975141750947
17.73994739165149 10.066747286612369
4.078915739764395 6.434141605499444
12.0153562369485 12.053648121524143
11.614348527634402 14.589325627723076
4.792300259667785 2.9590336791772764
7.76539150605748 0.060674228551240716
6.281554475810147 15.48738227980379
8.290833494587224 13.409484505937323
12.911940774051818 1.681837041491554
11.921048871494492 14.595718525356185
10.854427594204374 18.39802028670715
11.823928125397236 3.422832030357219
15.25059408089221 4.909979066357167
19.196370987621176 4.622369663654824
4.39899796284176 3.3324615892989273
12.385280624505251 9.053532146079162
0.36002005080254085 4.2820146770619445
7.46152034319179 7.043728575696237
5.271787912998585 2.5626677662907693
4.3148205635886505 5.071887757795032
6.1268126385812005 0.6502485285548398
16.107169228390383 12.797094638338589
9.840999974379027 1.362661848923492
19.316732102303426 3.8609003616806437
5.15373988982838 5.34174190584366
6.623896116045196 10.942423333557716
8.229792383855907 13.835570432475633
5.535553309936436 13.221158944085383
14.790736766715893 12.75842831060029
1.9132688678375964 12.70317755528226
13.185771760293326 0.11884493704125587
19.46552625851265 14.792185807113086
10.018682709144127 15.64446772436997
13.783744688709511 8.037699216817034
2.77983683608936 18.79577997328594
2.6463276988024997 18.168361095225624
2.3890863852829747 19.348959180474058
13.084507886482413 12.319218350879016
2.6374893291893198 13.341453995952929
0.09829709215861904 10.787551447785095
13.222807014533668 16.412144464223566
1.9303758069266452 5.702633360053431
18.405740928824446 16.431221376699284
2.4502955349175215 8.670572747304723
14.270930395571666 7.803216762079989
12.470887593794842 12.756184229054284
14.15874216448139 0.9398758636276439
18.713312795330225 18.089602106523166
14.040929171519046 2.1378714007174393
1.6567131476039743 14.936139392586547
17.445256617927736 11.459614112058535
11.652956148768993 3.2436745775019715
12.991231574382699 9.203714731796847
16.45650035994685 13.482629842111745
16.681103416578214 15.16492387326882
12.71393569797687 0.01938374917435981
15.797323561446799 9.121660107767518
8.977284139037721 5.314748036070243
1.5897011537816885 15.852519118241947
18.44968180125806 0.9149114347439125
13.892508138721 3.4714352001455118
5.941588863329459 19.503040875525276
2.3938252964658857 19.984450110422653
15.410210636480361 1.2055123208838703
16.48644961535345 19.709325582270587
1.9743407753612474 6.8975177370490925
8.461717441126355 8.562512939695917
5.441368010358094 1.42858161135619
13.26462464695914 5.206280765142129
11.152724485871612 0.4893044639439248
12.11066160784049 13.662080422106783
8.34857623257178 6.266423043339251
16.971806768691394 12.234504181068754
16.27210024934737 9.084063264536983
8.271157737654441 3.4534849870169237
3.8782062665776196 4.904850822512969
19.082708511181185 0.23065583692940095
0.2811133498227014 11.865304203235677
5.714814288546288 4.539073519063579
19.96970221183719 2.9457453883876217
16.762909439299808 6.663793453117308
9.339114791296275 6.425716130697722
10.549090244324898 15.434061051326482
19.231584352633956 0.9516892543561473
14.323188097393508 2.8361693360706375
1.949026866754895 7.844639013512047
7.682003216261448 10.019308790498041
0.594450824661199 19.70080715529298
7.370391714375291 15.945020870401672
3.618764902556104 1.3898044666638643
10.959936186987218 14.79415053924172
18.09411024402411 17.22993749223724
2.857959119125013 3.7334645769593555
11.504358139889767 16.421467790284346
17.68166419581454 8.757393741592004
3.7379637107128993 7.744257667855605
13.239232656733995 13.058633559988078
18.487876728734356 14.077060549132415
8.191725915422383 19.744619067569268
6.407763017759976 17.471491643327187
7.926673512963984 18.705172015007754
11.143302580621517 6.314481184856242
16.256268422609203 16.049902229665495
3.751874355985809 17.538819181101893
10.2601116180967 3.7722166368001364
1.043464615681322 8.892155828725816
0.9244840035783852 17.1600871627806
9.020165255838155 18.95061912748815
13.18715541539147 7.961990669066901
13.861161994178685 15.863992914360288
