0
10.330266685429098 5.681204956826635
9.93483279756617 17.10629806253421
17.305768700071592 2.7788849755636114
19.69215256093654 15.276581066720869
5.992424896020152 6.246105388060728
12.922932473132558 0.22161369846609977
12.813433444404914 5.264160217125243
5.066694628672359 2.5221308089986705
2.650431732048535 15.876580262693647
16.72455747434118 6.298726547505506
9.789482171792939 15.785235546036333
9.029129313147546 2.238652012530866
15.584909241284251 12.226142298670766
16.41615974858026 18.542947489120074
7.573043998874329 13.853313144765401
0.8366390797048173 9.769528513735647
9.787468896932705 14.609778549627496
11.780072066291838 12.611105398803167
14.671872661531477 15.240688509077074
2.436688789378536 11.935117933885405
3.2561715069997965 6.404177623256384
3.908380211544764 6.67613923536239
12.156073869947415 16.261470657775916
16.585178566223956 1.9094764335505765
13.475801115140687 4.978473549477949
0.6361393002877636 0.7979937151914007
16.838208403685503 8.746883353152956
16.020503779524645 8.092450641927936
1.536078718376892 16.733633623229284
16.50706014479949 5.478935113623534
1.192896958441032 5.793267392632746
1.8966491397292273 18.305253189393188
13.340939615409535 19.82861166072567
17.974791061311798 3.0814166229702478
11.969051936550061 3.3609178156930386
4.678441895311685 5.637648776936373
2.3620027441108404 2.171395335113735
9.542922082404417 10.936618599028085
14.447862937962622 7.801872361264593
5.702085913999959 7.274878982737237
3.389351202561721 7.253070073452705
1.546833841903421 19.82178701618101
14.299656822428892 4.394783082532216
2.6041065529502916 12.632444543900478
11.732753355298813 5.40302683983777
5.280516454753923 7.684494717823764
13.992761632802942 6.964991477658127
6.82182616416104 2.1268794230840937
7.32645072268461 13.043437031660165
6.1714855769826045 9.29195429566278
5.7074951012009105 13.667931443756489
6.368501182784756 2.910630480657481
8.19063177326278 7.521118684574136
10.706917242930212 15.883500479097709
7.7084077729763845 19.013992780604006
12.086237217365156 12.899178105203903
2.702721542302635 10.094921832525374
7.814131198067016 13.404376381669763
16.12790281135431 17.21295986566067
10.57981919913386 9.41851475224777
15.131612007847728 14.656755877306562
10.398542387420413 1.2989395486289967
9.114354322047515 16.916157779850717
12.034568390033556 3.8011127207077977
3.887955249857049 4.764384876843679
7.742209274846412 14.641418427316403
5.2978580326146 12.434427509223585
6.121360773405082 8.258500352130735
16.943647154974503 6.564113755690315
4.466102378464434 18.58234340005159
3.5267285662909686 1.5100569885153625
4.191928908806284 6.358577237148626
13.873623841526697 10.181495072223921
6.759219462313013 8.9387745075601
15.827877890109898 4.72079214492791
10.967570599029257 3.4357886572955665
8.973099610366006 17.15817621677742
1.577669428441344 17.75645670815357
10.544193796405338 6.594051280879025
13.924391070143809 18.262287909476015
14.903369341217045 16.51301324793304
19.516855968854202 7.672018095174349
7.6020448018747055 3.509473659563398
3.5782042478079146 2.308208678371524
11.319297136597704 17.005582119059397
17.05987571995618 3.9033477293706342
12.862037922885568 8.467918032485537
2.8722167014291378 17.919175359019917
7.931624116750903 8.180199346215659
18.905267790365695 17.69627014784138
3.5061537740535087 7.80504450600179
8.870617902266885 11.739172451772511
16.457212250275038 7.768594641421085
6.07723193794206 0.20564262639268457
1.4143826175545016 9.927600999462278
14.961209158744524 4.706901378898167
10.91035310057573 18.029342943053802
0.5214410910251699 9.589001942699692
16.483988641419625 11.150540092397689
6.770183103143889 4.953751060446314
0.6882686546280525 18.602194940110095
1.8895763675788357 3.290887164150469
6.844523263054876 8.713087960376555
9.992193394520243 14.931499422766723
5.903922832370718 8.45542141970347
17.215708052063068 4.095955522011156
7.921720547686785 16.051899094593406
13.338827257068193 9.09788186305297
9.419273674441913 14.504302636919284
9.187644872273502 4.029030561775939
7.303389130477238 0.40941030917474475
14.80861589941674 3.4881422041797205
5.032092704193736 9.478883251810723
13.71638174149581 6.7801914357023545
7.360433582996619 7.855527880274897
4.481698861351 3.500696649771
6.269470285824077 6.619121201431238
2.5067666690855672 18.533038802105274
2.5761292985534756 5.800769814610525
2.042273906171692 1.2250329792922265
5.241136305783463 3.7755535848865796
11.332514173600748 0.8742621416525309
3.5367717671291943 18.078986511681386
12.231956402805373 18.63997415199862
16.005721108771823 14.493605992150687
19.718687242701886 4.612625626807234
4.536827741683027 12.677788820871976
6.437167149889502 18.010422748079876
1.9030810980994772 8.659667907593649
12.734779495283792 8.335509126577143
16.75171557407525 7.194804224484117
3.613684655885898 5.810721823333102
11.30581229259963 10.287060767977643
0.6015128845313034 10.531116565332876
13.931336410920869 2.0978879127210437
8.751475015993769 1.5027499468083283
11.243079081087233 5.020027415345163
16.814484534513955 9.104487472797329
2.567481590470826 16.867416783242014
12.082934058811405 7.49687810014321
13.34988399974893 14.93385626252196
0.48778296639521157 7.115432139606708
13.488241358100073 9.0987840415996
17.237660118924104 1.6239102313447518
11.594898471889977 3.209282769738935
13.620700601348648 8.56651235746563
16.832544264813023 1.6432297367477955
11.546885998891357 18.446141251210744
16.239987338968593 16.2592754406193
8.990666521546952 13.069199632190854
7.357944766753601 7.865119990549772
16.700694884310153 10.735644877417199
13.484543397053342 15.886342230512742
9.375523843118799 3.2163312095383034
12.034788539141928 10.093809808438685
2.9611426659513684 7.447925859522537
5.247764618622361 19.04848260582789
3.8082814938923093 3.4889876064693537
16.879881516286787 11.348211915915083
15.134415455959598 9.519059271716026
8.54199548924653 7.811901030777273
11.567457746274378 14.52592316362191
14.98278278336434 5.412193246000861
3.5051428149624253 9.814438740574218
18.890254559250867 17.068619190126633
9.606144851049764 11.583666308096452
2.6778528450419192 15.338927929832657
17.935997414230506 8.55726359622188
7.241082305883289 12.59710078721174
4.122923000296856 1.0154211913342581
15.815177247625671 15.462329160572656
8.33570001060666 0.5648848770101811
4.833822316376716 17.044022500524388
11.977739405147389 13.596893202650799
3.0834903742884223 16.99368803776168
19.698559415264093 15.621140325120265
15.4674718245846 6.40531074958351
2.6558901043185257 18.527160337446734
18.338229969880974 2.2816401231647254
14.91866946325582 18.312797260123695
19.62621744279644 4.584570849847365
16.483214477691725 6.932723500483984
18.887841403430258 17.81358945436166
3.581891025787618 18.65823540505881
19.764788992169596 8.607035508951704
19.79564052790164 18.70284952761063
1.6914567113980383 1.0367111941680163
19.788737942932784 9.856488999089397
2.2567515947206496 2.067153432576998
2.766202378103617 11.484344625682088
14.42108128788342 1.0766592348714643
18.26130371040611 14.484774459851756
12.308860138627525 19.387947227403842
10.592647038245735 15.663870374934568
3.341402983041608 18.432104554729
18.787337814337363 5.472632913334621
11.544606859610099 8.470264200680202
3.748769322372516 4.165938354430569
4.96035215456552 13.723228708559404
2.454610484812596 13.180804168643263
2.4600800406643786 4.310042836360342
8.002585561787006 10.89470015419235
13.40354486786122 0.5722966107482286
17.628686832064197 14.912966968921786
17.355264721929636 11.161723166699069
19.754484251540262 16.64766421528317
0.4657215474980725 2.6944352276741435
7.027227529394262 8.18846075468053
10.143905658137701 15.825925756412044
18.44846710629554 6.3294584966264384
10.292314914692396 0.27674189083901624
8.043955335140412 14.104122727721258
15.645062074319354 19.63951991869364
18.609615235769205 6.293770558834146
15.644271881369194 15.723847804629244
4.675399998408749 2.1133591771973514
5.8094746062285925 1.7462134797952755
7.4608970450394585 15.641581828660565
7.699248781434456 13.848062099118508
14.253554135360499 12.550578448502385
17.333872933078435 11.225783072327983
8.572450930797205 10.303830763596423
16.34231101730193 16.582218872595565
17.187558134206657 18.2291109240236
10.11634821433935 10.660070568469607
5.396459825864969 3.7366200410918227
2.8992602275971047 17.293358385680143
2.9175504009874897 11.440739373140143
1.0059124306946332 18.713876107134475
19.340748427884026 13.057102044888273
12.26571066635077 4.775358742234454
10.283791914582931 7.684966381607088
2.2993781286354142 4.3088642365776835
3.234225975948497 4.448159710099029
16.385043711057797 11.998651156084323
5.51420751250676 2.456141770670275
19.438668598849006 9.968616457712386
15.887300791726613 16.660012678181403
6.028366213226981 9.695138268001362
6.033454217035105 2.4165792492503946
7.361702269684514 6.912948328740005
8.45038751169697 6.436871932916333
12.829594009205392 9.856443396553695
3.29665052956033 17.283780888204575
9.959957620559159 9.479620691081445
18.273638144423124 4.696769739294966
8.528785559845034 9.223613614543787
2.8508887746381406 3.7599005971548993
12.095860757461436 1.4515686906388647
10.971016240366644 17.292685225206977
13.376858212666134 7.846406769815044
4.827655331910643 17.83156653399659
18.633104786635222 11.867772938969694
16.39184456310393 9.183097345213548
10.654799389097867 2.790277742553522
13.069283072547428 16.768193180540447
19.78303970133389 2.895897531483682
9.202946592528162 15.840083629148772
9.260511001903655 2.0691992732728615
6.092564563677641 17.146900779228112
8.270249219297519 17.344821502418903
9.784507927564952 10.723095113727892
1.3164001504299927 8.882436378899028
8.092645440071935 0.23217480152572856
14.620440321832005 18.39518858271907
6.142786114621734 2.646528691126797
6.750852163611672 11.233400303411482
3.190327847651817 1.0383835899693183
0.27377638626953305 19.12609751923138
2.542788263776934 1.8692238454440924
1.8067015715697954 17.008708918072763
1.125906785352302 2.4032849073165785
2.7267708710041205 4.416060950591046
5.564047512126313 18.7340084382772
13.429831860329065 19.595575196366344
7.602664630555447 0.4006408758829094
0.30587199784682273 12.796358525478855
3.282616355188066 3.6854167890335887
6.4910268920596526 4.115654105941868
17.483149207818084 12.420073977667274
4.975864480602685 10.834904957048895
18.282409246888562 2.4937093305685076
15.794199629963789 9.353464327281166
14.0413581529139 4.242278382939357
17.78620399246441 17.62876123241018
0.19901353211157158 5.513313658503254
19.824121497247155 5.457521548883477
2.473958955226734 17.437723003183876
6.408424279204765 1.9834160784587107
8.49909768506583 14.803814913710834
18.18677964842301 12.49229602339301
10.873666387433916 3.416962175201268
9.217726799309805 19.706954131026244
1.1985390466975931 17.941621723822394
19.69548801558647 9.919128005223376
16.867902086156587 15.460684262784488
15.371889370767875 4.6472496805597086
10.222396905159226 2.350428043649051
13.055869722152124 12.084224035903272
3.125864400015148 15.057620788293708
15.340612497341603 7.900296331821486
9.10985952005974 8.978600845662772
17.102849690702698 9.79185652182706
9.937129245453171 13.878445039444147
1.338429572236548 13.017806533441226
3.767281844800059 9.151618321767724
12.542765053663844 3.0408938919713413
18.064909639733187 17.71377605810624
2.1143078276324334 9.542204874866142
1.9724480611484996 13.427675285472272
2.1537362167663754 15.002785121365713
0.2271010589669463 3.704424258002408
1.5510628007235505 0.5971367385766824
2.333177915533484 6.284596379935485
11.397408121161954 2.3191275470064987
3.3582303068055652 7.191996515250578
15.527713035722634 1.061622314590569
8.403403371616733 5.46616588338294
6.395196954561307 1.7969350564791275
13.005442641244379 19.517985504744598
6.497898537532841 9.055974435878273
18.659843360309054 9.816010694052142
11.222163927201619 18.579740493361165
7.8116420139472575 3.0994752824248106
0.23748865346086667 18.317612476887103
8.042396436269474 4.4271540778474545
11.471636908885747 5.872649210659995
7.538919914603337 15.109578796720626
14.21450543187327 4.04489330699437
1.7613798671078285 16.935370651388787
16.04371748714242 11.299477467345618
14.685386929662751 16.090737392067407
12.034485004925129 19.78708066323913
7.074742265900618 3.7844645049706305
14.110778596530816 9.970090960104791
18.948542358952807 4.829009461673572
3.414405279437278 7.958589878395436
13.738365627253161 10.291594530616436
9.213100560939871 9.336077334388595
17.58829853271855 5.8174656464533125
14.138299651830692 11.555616662749642
18.832595649435234 13.340776161313892
17.437749357801266 15.912871692169947
9.892790553229169 0.6368265289858321
15.447690246600636 19.653290302911667
16.66811277555614 0.5326810534186488
1.6338394326367456 18.94646223496062
8.950093020877423 19.581455600056593
7.3199563709255795 4.261465787475722
19.474273746598087 4.618858702905699
18.61729306849737 11.102801467003601
18.928969253507105 14.858842999606651
15.087767959603307 11.11728315291979
19.57305293758595 17.048510319141023
1.3182295490071083 11.258048458062603
11.071782158487935 1.6906965349357828
3.852711474826467 11.992623311708943
8.741700305702025 9.455932539353382
2.82410669939271 19.467764163457502
16.60268407063421 18.643773838857875
0.29622685911913627 11.094575990004817
15.467245966682 16.916763542653108
14.271735974271758 19.193188131988112
19.754216652637627 3.518572319665807
15.290985241120843 3.137054252352669
5.795978212078667 1.801151679975106
13.541303362335636 6.862719642476424
19.115444280586644 6.1240055501978645
9.915831207945974 5.661676754178064
18.481012317742618 2.051972175247192
6.705515935594746 13.846729662418674
10.504746795836367 4.266193029664224
4.077415618514797 13.186038341384643
10.131086045814763 12.716218123637084
9.186998415707318 10.923828010581936
9.570391320511074 14.279485260002948
2.441639344316886 5.757503399918498
11.063693677150306 14.557691193167523
18.57706986686036 10.31670868976951
17.322017213542 12.427848835249842
8.978041213572181 9.490638849300336
17.565698797805727 8.579114232239345
16.06902086441056 5.375702986996225
16.796149841208965 8.504739595167727
10.62024622391375 11.666414179445168
11.264535143311003 0.28179551068870934
18.459015735324073 12.988160774100539
14.058877388100084 17.959587200515003
14.345605660429717 17.97129809075771
1.3131340852309248 2.49096396569771
7.667751097470643 8.79178617876741
1.7488062334465182 3.8790142638157965
7.127150697618081 4.454365874789794
10.091694173213778 10.574904733149692
9.73598709817235 10.270058340790143
8.363425989502694 5.1509192044644525
13.210987396801597 1.7805567812027467
8.129423717439082 8.8860189551085
0.24708272807406173 7.807848671395559
1.4920103067533752 12.139542534759638
8.172251548312584 14.35819476326298
8.94937614599936 12.251930140467227
18.129659210328043 8.785376804354781
18.198171578607734 16.19964768285172
14.202757677494159 1.9188997776731487
19.53950986718574 11.344767476944966
14.793509877149628 4.788616209669194
0.7552038460005406 4.3579353141406285
6.083461408885789 16.128024637650903
7.153091030107818 15.756746136303013
10.551896776002046 17.014281376752642
0.9373274152005817 15.48982121402662
2.294859523861701 9.803724478489933
8.141566890304063 13.61017094764544
15.283337665317767 19.79752079993285
1.0699729165135419 19.319698630702074
0.7184548037054506 1.322800242014679
9.523037859527987 11.529990484221276
15.28603034753698 8.390440073600963
5.042221446423307 4.572813799782223
3.3824134206562606 1.7914350110807353
18.989446558634803 3.807023915279699
13.278020532567975 17.919577690704447
17.484524960802187 7.606874804404942
19.704532581178903 17.558942993848582
4.055614187927958 4.57998632729097
13.496253473927498 13.8504639613883
14.314840400046247 17.85152711195741
2.6856493132365444 5.652664741132263
6.05324983545928 1.8644391874212318
8.847622872234835 8.787384304375376
12.856291431964948 1.3838092355372633
17.506615701410595 4.712131823817733
19.673049477585394 17.256788524330076
12.065149092679055 13.836469728298514
14.729492932409068 8.96772350043376
6.981959987752808 9.000618311386763
13.758023554307655 0.2914579462138388
17.82240779072537 13.56024752749262
19.722655218709917 19.73604206925915
3.3233652497129884 18.072214348481697
14.051163466198917 10.22935922017513
7.759337863436173 19.751767409867192
13.842599430623562 17.892475308400304
0.6660846259927844 19.672542001767628
13.600581852130855 7.25578648976027
15.372547585498534 4.106434740262948
19.749803905073637 0.6123242885485514
7.811424056610782 8.451235710016945
1.5252493625689811 11.665862666198016
12.723252764716955 14.869674610574897
2.780608916073004 8.719747631221606
5.6384116570410185 8.064319281590278
5.844450717708456 5.11565468244971
5.915960858679917 7.538548734290758
10.7597069276868 6.219760768745235
18.63778454369853 9.244597450901972
11.0740852984153 4.617091361010591
11.301038016602883 4.6954552842263775
10.806036641708749 8.163100660829215
15.021411485575996 1.4181905107770443
16.292942062791806 9.154803117769887
9.354274329160813 5.052030541863166
11.335216779598497 17.122074184216796
14.86028324238637 0.44533852594969003
4.382065244645707 2.6030108453700818
18.18657575665097 6.781382924104104
2.461630876805958 14.755519215228702
10.704190901166484 0.21359604501800175
18.140347034181183 1.7705910959883564
13.636910386262858 15.216782875213262
13.00330007211182 19.791000048948003
10.136218260243702 19.611543965116663
3.9794593758544927 3.4024346251794624
7.901631379319969 9.99492890795416
7.292662173655904 8.752366919924896
14.71517468199667 5.61114706621445
8.901260338654327 8.96523510245774
3.653299043863787 11.72192356349316
9.996385192597405 0.760800523089673
14.759091632091629 9.786875971682827
1.4607968795043824 11.04582102694405
5.602132887106606 13.240075550769681
12.147337947415522 12.73746578632335
4.422909773660139 11.099721903030943
12.418024106852224 10.190166610674027
16.453213847949407 5.573659599725249
16.591843992643472 16.335906969245016
6.523479089041673 14.374231777138382
15.781375233105766 16.01119660504438
9.212565328917194 13.631755504499587
6.055344604288311 12.93229835588745
1.5649984505220371 3.0966829241726024
15.946299491760792 11.393518597819487
12.795233972766058 1.746290589416779
2.029592754392786 8.001686341110354
0.41802173205107707 8.962526017603762
11.631895204335054 3.623202971581425
12.888498952126062 14.123414971485156
7.684509618444464 11.208339413596896
5.105151369941028 5.751221902003174
12.318764958707204 11.270735855407004
15.023332356561852 0.28633072299006246
13.007819140589127 13.538334831737199
7.146546017494007 0.25659629067807377
7.8912169547322115 0.6552713701310209
1.8072375082641634 0.5877014766825472
5.375594435527821 17.802508479022443
17.918369609059454 16.800832207376114
17.18693515739475 10.718309244037446
1.2715867476729104 11.869764620224394
13.756835575368033 3.837890585777095
10.477304455156439 1.0602380021921842
6.157246336685807 10.134918585908025
8.286591331697775 18.350278135822208
19.755207026878814 14.735749780539486
17.304250468755203 5.530900236086474
11.341108273591647 15.490637617560349
5.997016492175202 17.812418718281336
13.691056522594447 15.424378439719423
13.420345214293441 14.462359711181286
9.355942293997234 4.352171195886141
19.231779214610864 18.17676188630776
18.92684378022812 19.78473479529726
19.328417193766942 2.6874269447912313
18.10843724111387 2.0600124992547597
16.84054461606713 4.533465935695262
12.63910130087501 8.677074918204843
3.23300661443523 11.976266274645969
0.42845058143053505 6.071113241490069
4.910449988582755 1.7127873199820876
16.24005402133854 2.056693464419712
6.992075738236565 12.342872492852383
5.829126751252939 16.67972834125081
17.81608386087839 2.472049456225991
13.652021094140476 1.7569016820530448
5.253532179605365 0.8820651727418061
11.096364250282651 7.944558664964594
19.055835286655253 16.377193882586486
0.6377285076995798 16.017366781869164
12.229693957308855 15.71512533120723
5.410752334358342 17.65031792015725
8.82775129206504 19.457034126235374
13.38965149890276 10.23593893434289
15.562816537752212 7.622199739687754
10.705104492474788 0.2818489564553893
0.2980202238557239 9.70834135729602
9.581517407704364 9.222086568425503
1.7348093342644866 16.939597973440048
12.960709709213283 10.788912719883276
11.515202390482491 18.529883230413716
0.23509105522144455 2.4300708544855376
2.4742712875460815 8.300105873126302
5.145432721012588 16.11977645883639
4.923345258209602 13.163545734715683
14.555368079554153 8.499979301537152
16.613957941617358 0.7944448296952378
7.496783522356076 8.101727854619842
11.42709401466793 10.220658112658542
9.087302632135932 0.43474860616420363
6.851821114343181 16.1319938610631
15.853082412920951 6.746632585225678
0.9619313346269376 5.3716460491618
9.14719054750584 17.7412956401715
15.868731043675586 12.378909106977618
13.735845163101953 19.659673469131402
6.52267072050255 9.277145559489007
5.981840796807032 16.863885373266882
11.256018681422354 15.851756667490562
8.886517122152856 12.429379906108586
13.6033257784655 4.838689813264885
9.708648440288288 16.2378631114674
13.705954423182941 8.744791474270947
19.810672948742734 8.67708918909102
12.00147875959036 5.8471077305894115
7.289706210449336 17.291869565732135
7.918290664458332 15.069001547451592
4.08281659962312 3.593949745195766
11.940280710687855 2.106747630718393
18.593072560466876 7.726668068665809
0.6759959454704045 12.481044813811398
0.964899299284383 19.793604750702688
11.461199858738082 1.1136589578186928
8.74432094157822 18.398709159318223
15.54330315731417 2.5802063326479785
14.29168431484455 19.30866692314394
7.040649828509231 1.3658523678134116
19.821502002139415 10.136556340494174
18.639195250641716 17.251493717411467
16.076081474455307 10.55912546850633
4.383616254430325 17.38376598541872
11.146632594186986 11.818296887494252
14.939457327000556 3.6330041128837
4.687580402480032 14.120794645593575
11.347414131360669 1.5190615426547693
18.22684938969641 16.038064939968287
19.560418405013575 15.285679770915625
12.256898704206066 16.121942392353926
19.798694614336178 12.629874184618835
13.798340545331513 3.6898017988831255
13.477506228093649 2.143587223634842
2.1599825670079342 3.096210413371172
9.406830184668083 6.7006460613024155
8.926189790610806 13.796374848833658
18.131741237100762 16.822831583706417
2.2844722854334254 17.119967302568323
7.176800617764616 9.48465929560182
5.513249805552151 19.762186733221313
8.377297992017866 19.717243205733162
4.781767643931872 15.062201480962012
9.924706136853697 16.247404257756795
12.371176729524256 19.427391285145692
8.22325226843789 11.508957626110014
8.007812072195792 0.7750944804356807
11.399033913267488 8.688901567587399
3.2067472867263813 7.101849182638156
18.82264494415878 2.5220085810601067
1.3557220131734438 4.053388952961717
9.150799380083761 4.123100492730152
19.72658187636292 9.156945344512604
13.161984626969282 1.74706828220063
18.683388912385226 5.190684038625215
7.055691351005464 16.992488406509413
8.06340539473544 19.25338836947527
16.904315221539083 2.865452514191924
11.039175053195136 8.960775899146654
15.591342262261847 17.79602667207603
1.7269603456336902 2.6831264027325963
19.83897172760063 18.000519816434696
14.38883019963538 16.85217411310511
16.822852976447397 19.508540612903417
9.282709221654654 0.2534963054718685
7.391152106463947 10.72458514458939
13.046756380911388 11.383918445081893
6.049690932884526 6.569693092376287
9.961439967773089 7.141734103954425
6.644428061016865 6.049482787312305
4.51473988156992 11.330815211032139
7.067094212670084 6.520661166923478
5.4029089765951515 11.197974471443766
6.32931764886886 19.82888775811156
16.431282390817515 1.6862259477427988
2.995099855956851 9.366641908163087
0.7366376617927894 11.774857831976792
15.231053749661807 16.20053863335614
11.334647841774535 7.190529843858837
9.62832408224686 4.743314160080314
13.202996910138934 15.661876266467658
8.469658938242027 2.496471503376041
19.792762407581677 3.2533823585348287
3.2596215429327957 11.965382475717803
11.517697395791998 3.3025808334659024
16.105466894193036 4.449398917978302
8.653078075668182 3.09790027687882
19.78074395529538 3.0353226978299586
14.182811563587947 7.672772991396499
13.523202836574335 19.023358245466575
11.965534733901137 4.95489428714121
8.063129568529693 3.69045885524806
19.79745733492899 11.997809440126058
18.04775789895921 15.596749170385962
5.531745644051509 8.135276199571619
1.4219382975787043 2.5664975449302085
8.621262935527783 17.63714411176403
1.2447739569304184 17.02589026251029
0.5335238019376964 11.808764425093925
4.366470382846317 3.5556362094094562
15.443739769352447 18.464227836858115
11.359170693882918 18.317218961653584
5.093880765204746 15.317012300525022
6.340083262556533 1.4373859337404915
7.2126879534376105 3.069897015484888
5.344736930722083 5.486258801346818
3.4236239417619485 3.849288391917114
7.5527363201924125 5.860213995787394
13.374763971104235 11.117375246661938
14.937909213621474 2.181477768926867
8.406670657803483 8.308826657226597
2.809286389420098 3.7521499231966193
10.281324776452214 15.17700598354907
16.228866092927994 16.65116505234581
8.327209915817972 13.197978729133148
15.43666382794317 15.23846550630418
1.8126883874929045 4.368852535828638
17.18306511069195 6.6314526044449025
13.441834184825204 11.350287242293387
18.26304563519331 3.1445649207289605
4.57391799921667 11.141279463419075
2.5663370718299316 4.733600281339491
13.099768705978796 9.337612018817882
3.6021603426857296 1.1622000282611111
10.865275167392163 7.513649149714235
0.7266772823850864 11.908675306995967
19.114317228505932 12.380423118872681
9.195839512817575 10.757146562762623
7.6304447730557134 2.1112516218161925
1.6858460947185172 11.567752420239172
16.088659258715218 2.5894013618792333
12.067952214065539 1.89645373649161
14.58567955366175 14.320597978686987
0.9939102474576922 1.9357501080754003
4.399112819660562 9.36645659992359
7.242836563302843 17.67340342060227
9.732967655910622 6.89319951800049
8.799851794161984 9.21704075546348
6.538996165064406 15.793296153210083
13.281359785808576 7.908299630870658
15.46036607884163 3.3259559190741794
8.591360164288728 9.150949370361012
12.526209150610724 9.83566814329675
11.587732357583668 1.803210018271939
3.4326125519158923 1.3462842584166856
15.056945624314064 9.535271114586102
5.077658914526051 14.191402448192916
11.440195610606008 14.728789483190761
1.4751475408059989 18.830105211725197
5.523485957301622 11.295932283099576
10.2536599582905 13.610377144300026
17.698713283022084 9.221309252018168
10.654670101487982 13.480817473810504
4.422342691622365 10.680918256725562
4.275424487711872 3.514532116194904
3.142790120197967 15.268015127417405
5.759349887620962 2.597384349875982
5.237163614501885 10.156592325857305
12.218780406773895 8.74605606010877
12.392541601127771 19.80893929409325
17.38182484326289 14.25965356585029
19.386501195575857 10.58453442359577
19.28722731106199 6.271875565646963
9.36614072734294 1.583297288962715
18.80810405468715 6.2590421488155386
6.494369467582885 2.2570226227866175
0.3674695123053229 10.672563411894343
5.226768183994754 8.24858334169087
5.915506336429653 14.102705190056497
5.501865562108317 17.36928002790378
18.57054225229146 6.24379967983457
8.77218659484695 6.100500313849522
3.28275775062153 14.419316914505503
11.072982768845016 11.50661542967489
8.461656279612452 14.538505052402375
6.220069502187588 7.221844744231567
14.715368054912654 15.094586296375798
4.747734014715745 6.724581992524463
4.681893785810772 11.177770814388682
2.3422062404319255 12.288468774452358
1.3894198578654127 8.464638475978504
15.295718740799124 13.800277723370186
1.6648694004898679 10.75871848357442
19.75070871506542 8.060450340218582
15.816888241949915 8.895376915946967
7.7232519243923115 16.23291482306882
15.15149028503904 3.687401515372275
19.33934468296574 4.7865923593146835
4.835621205752947 1.0759606811076239
5.387183306769126 3.571779135849622
1.20593543203666 13.764885439619354
5.683123992787742 3.6003755961648354
19.82709943058984 10.354516399581012
14.668531087396396 6.649709629252458
13.435981504458965 10.354625279299244
14.599260742322455 8.985493533612681
17.36510766028262 11.44421288185277
6.659053823830541 12.300219268920147
4.120799047048706 13.959265135942378
14.572639152618711 6.389093186718751
18.498438434467776 16.82781989254924
15.313890013463551 0.2863840915183268
19.799343572750278 19.034992053516667
7.148902688511292 10.060841993579198
19.720753460651146 11.188880392761991
16.523384178957215 8.969624075306527
8.072469677902333 2.871555187477317
12.198300632843486 11.195953211627563
14.880727090663676 3.197618194690748
17.557226698360527 5.446501866575755
13.17188747368813 14.366093566658787
10.153406130598416 1.4602912955277803
8.085601508072287 10.979707515228386
11.334036781573637 12.48166489862719
11.249093212824874 1.5188776632248646
18.173840357261785 11.975680595411761
11.051271684700193 2.5960268172923118
14.969506446421699 0.21505323621699643
10.837392355911009 1.47910939946436
2.191120850943913 12.843544961045874
12.85202956379939 17.861527746862652
17.056236535129656 6.021502407432151
17.340147105424407 1.9688883398457957
11.786762553107696 3.2850029317841623
3.4230925315754046 2.8313357430787245
3.1283845616123718 19.300862810864242
1.1983650126625855 7.913480799503134
9.85675779306894 7.475542670625566
12.969038631061228 13.282216854644442
13.764253493220124 3.376758850570045
15.590762622768928 12.106012283552992
14.015554373384159 16.152400875198115
15.63127581521471 8.517527190882594
