0
9.780199995445775 18.825450341689006
16.238092102085762 14.38780345474667
13.04699896530108 13.421677873531594
15.128033551387256 9.962212159080181
11.950109364265975 14.270903166894367
0.19305604520910347 19.526043374834583
0.45479705809117865 7.823452466112459
12.746635639254947 18.350310957958627
10.193607421287805 13.947660831795245
15.402116748446616 7.847883786575918
10.019145568901253 7.838023634758606
1.0433027400841 15.946456878899069
3.7273461684728404 6.279901960306075
12.016623449949783 17.96340644166921
5.292665458040833 3.1835045763662606
1.9429480766249996 18.842508384401093
3.4761530075093128 3.8506471806693776
0.3791521549897947 9.975791777752336
15.811903302126403 12.613568718962714
14.016567485578374 16.822070681878063
15.746905972934718 14.285873300896842
17.185480659019202 7.146987571628587
16.103850471161 16.291433936269655
9.141877408504886 13.947674371180794
7.05597740613568 5.387895212020053
5.944660918461448 1.9884271538341824
17.44758795017605 0.5771713258886813
10.688601818272318 12.362063292556126
14.56336548811045 12.096137032511958
7.44031036640844 15.604918940052219
19.344186542374835 5.306473363756384
11.431550130064352 10.631719179251169
11.566639381872792 17.853425406628517
0.8962506994462327 4.119838050080511
12.647981536386839 8.639000228768325
14.394597226065315 12.960748409293924
2.507826194067737 7.955921552648437
1.5496161798238361 11.00973893863774
11.312348743351741 9.554431808650294
4.828701533368715 10.603255629440502
6.946359695225142 17.46482333463269
5.334558340057509 9.176518169587627
14.703109182080926 13.074349396382487
6.527077201607145 1.8023243304131809
16.951220051302748 1.2579588710649392
16.379670773313208 1.5852517712951575
7.432686188771493 8.288072055057729
0.6806528925842725 1.5837415143832945
17.36538912530471 18.79939803661134
18.02225866148544 14.295829599172098
8.668136716090933 14.260575683792824
10.476936953696828 17.732575655975577
3.395740617849239 11.205205903558257
13.042584025884183 0.716514868416056
7.8661878996764685 13.90061186495872
19.645415079927986 14.280746736875633
14.981501079365465 13.183464032131585
3.8211977923913376 0.9075514320119815
8.888396633553718 0.8671630190104929
18.1526087298619 8.833704856886207
12.394395847386797 7.426685891430271
8.122502321985518 4.762947414035203
9.449566659785694 9.592348115962189
13.249914887071197 15.064344727619716
2.523610726214378 14.03474740279464
11.207652667275958 12.898552557918453
7.852536294496892 3.498910254381089
9.077352899129751 6.702284621613359
10.29869314817275 12.546461718562727
19.97992962611984 14.07456609536064
