0
7.958929355735864 3.554500626524224
9.258994263585375 2.364858266016352
6.444894306191253 11.323236883258724
16.521973424934572 1.306829378595995
17.68098530359459 0.8730989893783381
13.79731811639905 11.808521223934472
9.126717904111265 10.22514803966706
14.833869984136502 4.097225806694452
5.131629535094886 15.050940294987722
14.881031634360573 15.011580843332107
9.08749936040645 18.087268993865795
4.721411742832169 18.752684647773943
18.898456584779037 10.728197698842019
17.196471157167487 11.480292681753257
19.592834284682542 17.36141158028051
7.32441290650536 19.237126127584492
5.357647444454896 11.004172694403744
5.879087241435192 19.485107925001323
17.358612948702607 17.407469343931112
0.69322270491742 7.963121256162609
3.415658416998244 4.035212486158581
9.968816277931484 4.626666616596637
10.935894905411786 0.18862540020699203
17.52205084617768 15.105571308313639
15.463065774196874 15.03424309632841
1.1596422912235704 7.416693441660984
3.7845074842230964 11.407236505588763
2.278043672419625 7.594340771121983
12.74369634673124 15.000034186552146
17.29647169238403 2.451901261818643
12.738486257971589 10.909516361420177
19.679242318644132 2.863972089131588
18.342163818079644 2.504328339645705
5.072449790372713 6.759045819182075
7.566492042727169 1.1871388631540225
11.474535773357124 7.438604055833911
15.99293950933835 19.864956892222242
1.3798398955900937 19.889240829325352
2.3303161183741072 17.80389638711617
3.478748636224833 5.430221437047695
17.914081748081255 10.033064781482759
17.767592182091327 3.339671665906998
14.244612254461106 10.575525035526375
9.815972448060492 7.028358419885814
9.868747392843142 5.522572606434302
17.4587274632933 11.880822072251737
10.740971550566618 9.330834763040794
6.324282623539872 12.059383323881894
16.6576115435021 5.710002092136202
19.380660216443225 14.367345993076796
