0
6.883041062281285 4.6959570118062395
6.637466222255863 19.728975325472334
11.516375242201558 8.34931002697279
0.5432985465993734 6.539000296535578
0.5781416582926657 0.20025735368348618
2.7977255905667686 9.668254869415811
15.33585976199042 11.246325539545133
7.5140108606966844 9.553282347182304
5.25508462936175 4.745480946001377
14.560514213267261 10.327322013241965
0.05177824257650121 9.531419248648245
18.55116552048407 13.184434928225595
8.835152380645665 9.43986208345627
13.681599123093555 18.430627803003112
10.106242636420845 3.2605427375057072
9.514101160936896 6.115168927315249
17.959506747415283 5.742824457895884
14.709047110398721 14.061057419782372
17.041762671244406 6.921198918902625
3.2200413804310335 1.6644087450669653
11.65482632901771 4.390169238261357
10.61450359998506 18.008275647500838
12.845225911965697 11.146326440033384
16.95097756728635 3.637227956833675
11.406413338181876 0.22869012283208479
17.03896544718554 6.764780108134647
14.425915279815786 16.626675429864317
18.926623021691217 6.736547547416052
18.341901621131164 6.78833555465636
7.106189534580127 10.247781803299166
12.430683949430117 6.549788707671125
18.1965482541501 19.114731643118393
13.228678206963338 9.420046412183714
3.756845746637556 2.325042410429785
2.5994097053850385 8.893722017426299
17.404638112494336 19.64319875273813
19.988155555191295 10.827388322900768
1.5565506902387072 19.22279159780683
2.86386372915139 4.9036282845440855
2.878982555749141 7.47817465020997
18.430013267404192 7.820114213555442
14.930903106335949 5.8938497833405386
4.393107404271104 5.079322323322821
11.500336809513701 6.5007157883407025
16.909534660025184 3.117770433318461
14.780645568787264 15.424078558282377
9.788549577531763 19.001961869439885
18.802266148414517 12.209120584670494
0.6111663518568577 1.0314780401534995
0.4300774389330364 11.555289416185
16.63178725167665 10.327962706943605
17.756110593254036 13.641864174419233
16.161418365775155 0.8520140606390236
18.861847695267837 9.402730177056544
9.58835305771689 13.278276164505131
2.6938825332404948 7.909170842310001
18.274242285994408 6.772317309967402
8.191245603229323 14.445278405927075
9.270497399766413 11.951150773688155
17.822235392141682 9.911355108868115
