0
9.70413291838451 10.458292204857658
10.573590599613196 8.797936315431041
6.9299393398929165 10.261231859474233
9.47341692573924 14.853649396915475
6.565246500388393 11.532287831518179
16.469487469579256 19.736828026405448
11.528607565273461 16.154027143563074
6.594021020163485 12.84181708716423
7.675493067298165 0.5130954766182483
8.05391186895589 13.561976281677396
14.914983970650965 15.23234924713703
12.113984746037394 3.9183986294945217
6.493288837839756 9.500023769532593
14.077072157634156 14.21614221736803
6.6058367729944845 1.0414663765203103
11.704297465026745 6.845778026923348
5.269212165501564 3.579750390603784
11.500975239264946 1.961329553273301
13.778743543210153 15.05726344534927
3.0005798429387465 18.00396292101786
4.097078950302633 1.9411473419567193
16.511256113359178 19.754074533577253
11.16361919280316 7.611246262246414
0.7463828492517322 18.282693711979977
8.384206752170362 6.1299999158623875
3.3427284817416925 4.0864075429709645
13.454998545760574 16.61950522980582
9.476770462920515 14.828290586993942
4.193993058783341 8.021742736657156
11.62178046523051 10.970611208420145
2.198192280240996 19.19375645471946
6.945309730547193 13.973356300786897
15.913934725356855 15.090340499054795
7.928740156965512 1.1459067258642786
4.102448510207881 16.21259016430875
6.497594877745301 6.677472892437768
5.702210909982782 15.551431563451066
12.283339389595014 3.0851853244750393
2.7342389406041168 14.931045968418566
11.594428970775434 12.80700466895494
19.165953392757583 10.957869630650306
5.256394929314537 5.779916160722037
10.543798736960845 19.706646799088944
0.6877887861989929 15.582136549949578
6.724335393995233 8.82577882539319
16.41083890123341 14.081351280163805
13.178040384142628 5.920009427834019
5.652699514872035 2.5192802204927567
15.10959667028268 12.8692533878016
19.775215721912566 5.576154617875446
3.0329732083193472 17.16816443602469
11.978138848549733 14.196958262008557
8.4591349605934 13.421824603688773
7.052779876746462 12.824581784906883
3.9987474957624114 10.808701303030384
13.920104078969253 7.1733066059066575
3.4517840944140366 5.622821255467412
14.269309582858408 19.789329714067716
14.350451455288624 1.9328728287209396
2.819958628437673 2.3833080130040374
7.9414113672971265 7.946743691406604
2.5627684400080453 6.283190810048072
19.73778278916989 0.8457753000419888
11.791188810572121 15.343891111986432
17.540949280388432 18.653787480724965
18.81793860384207 19.263623673625673
13.226728632761729 4.131739065299744
4.977692753648397 9.495014405481687
9.609994398353523 12.739626172446382
6.849148196255468 14.802381452467834
4.346362663658587 4.383044882787274
4.586728261891766 19.004857707055113
19.099096319867567 6.962594638935475
4.834218126322054 19.558304374848948
4.093904614523023 8.670097280121071
13.899643782340323 12.36725725601109
5.703858041198828 5.5263835651203985
9.702759232200222 5.581419753966395
17.85114815917608 0.8311761023728992
19.463516123370784 13.119496989533094
6.78198039280465 3.996382541006549
14.181934933694738 17.276459148419253
3.1653954025502284 7.6598970383308735
0.6668243079235325 19.00858491747732
15.48636482592459 14.027783659593391
7.202823137101088 14.35393015507988
14.348018398218516 14.068497683614776
19.752278588156795 5.93414779196622
8.567413338565649 16.48358501494885
13.370496605326727 19.596856841259488
0.8437690857891567 17.30508127108409
11.519935345671282 7.996053198552675
13.297634304434592 15.52060585354189
12.200950319509339 5.2713216730378365
11.323971333912663 15.302940438716625
12.773716457000322 9.97490135080948
7.971694931363215 11.221648452251
2.827999664486416 17.008932036366485
0.4567088815985576 9.240085267780723
4.964467871820375 13.573494970056839
15.435034626211285 13.351923989578827
4.883273941022745 18.98933273392156
0.30714688690227865 5.387101388746083
17.98266898003117 3.7474287870243783
14.094167922852359 3.8178755463397396
11.252429782208186 9.250895451931004
3.3210989385283396 6.321464026883891
16.453931538473878 6.452908984311454
15.861802426098134 0.4065135651995777
13.410710616060022 18.957705238847673
8.844976494352345 6.5864315498270525
10.69040345872687 14.139937410919645
5.489897894969154 19.38339735236925
5.040978986916478 14.450970370733305
10.135237221767866 12.872643345960018
0.6512065409926904 0.3189793813831221
0.743785510668189 19.527383464261025
14.63734147015639 5.912983244816978
3.810459518105982 13.800549321199266
6.115031949177679 9.52924735757337
17.870481350279533 15.180266068747354
2.7974949299825025 11.471751970570462
8.699172352020543 9.381794203906193
1.268020873050133 14.036715302390437
11.814310578353153 10.889434445167797
4.906922050442137 10.574434323077671
6.036558912401846 15.237679624156703
16.91005014926494 13.589997642544914
5.632974142222762 15.221675543944453
4.918051031342712 5.457692386936075
17.96316454681626 1.6528353527479878
18.4825534163844 19.56221671935114
8.56717671839091 16.32623976640581
10.927517363013887 14.543097916339589
6.278729115162256 12.54221715273706
13.121001598996681 9.806974932354056
7.216947248795336 6.825305783294797
8.254642422562238 6.585711656963942
18.404273793505542 14.409559797670932
3.935161822167572 5.556569908836472
19.277772453417402 10.609954058899058
10.724258907954711 9.403959353735068
12.505563794888236 10.375414183197174
14.72026972719779 6.6905663708318786
4.289668846594008 9.11979309491791
15.857007538331656 12.018934097600894
18.73107123062192 19.352883228134722
13.30223294881704 6.702859009375983
10.852321541109225 9.684343739667252
14.670228927409498 4.031245798236034
18.517569860660792 5.4491948794253435
6.71999163507876 13.695340186633684
4.759409555974148 3.5043242356323856
11.792575207385504 1.063546094695278
8.916475674763431 7.6712225957088
6.448163753864737 8.726311096971493
7.505249041215121 5.8509459703299775
16.595469929564665 10.096850236003483
3.8940687783297534 5.013093263069878
6.8630982360429105 17.841749164530764
19.61687190040463 16.061356792036253
11.044535007668316 13.528784094686117
9.558716038051344 17.003994854851307
5.155460867966886 19.11756241075633
8.264673757452382 19.758349454934873
4.974117551381196 15.781878888309324
15.268219381437223 4.794317083558115
15.892479708650837 11.04095921565519
3.604746811239965 1.9224629655332626
14.488033120922431 1.290042815115069
7.57041799703837 2.8582455523862094
18.432970324948307 13.55904796397407
13.306029587465634 0.2446025905394622
4.189659591301682 17.69132547329771
18.93016679623569 16.390936246901337
0.3982746236143342 18.12280468582536
9.715395538781895 1.587300784618666
18.944495325825226 3.055112465646177
8.19581625417084 4.478397281900557
5.402227762126595 8.054520649752819
9.113805499046741 18.88274584130279
15.878320466873282 0.9718659100865068
14.758318821905267 14.118195952297263
18.24328647011011 15.566866676661991
7.516651754224021 19.19570663494833
12.314071914269412 12.333537678024486
13.356090752677162 15.16912679474701
5.76193847864765 6.76169045394357
2.4714147124402897 14.479468187075252
10.350569160135652 17.632784343056578
1.478744252540436 11.307955281588109
16.566522366006858 10.936676912692
15.305757104512992 12.752917302829905
3.786208554099897 8.60910336037993
16.32282967610315 7.071367042361334
7.830577964101049 15.527993460777319
13.279188469374677 12.276889583637566
18.09075318397125 13.07001990650446
3.252696866196574 16.06125049651623
12.364858273342449 13.017048197521481
