0
6.370864026174548 5.297724002054749
17.705785681942487 18.781597039793393
13.751468471786534 1.1187769785681567
13.997264807007543 16.274571904535403
2.792419381730036 9.634612720769365
18.654582868666473 0.321426829291791
15.247459343988227 3.6064171755138097
13.483754579552624 4.141011820569693
3.5932371068263014 18.08129102238601
15.185243707185261 2.2763044251903564
8.91242209647601 2.6448219800698203
12.20246607944101 5.604253211157284
5.8740079286085045 7.677117900668899
0.811339571775882 13.735623467888729
12.072152236132824 6.116833196736531
9.987622793990969 0.2253770808110489
17.441945420015607 0.2259681338714259
13.35831940623941 16.81490347014534
13.552512434905701 1.461536325259034
10.937954590001475 14.353194300907777
12.28490067491663 0.7984498493134495
3.3700529878159524 10.094834781729134
18.734232332208446 6.711267787708843
17.038697678320013 3.7484747345454994
4.132625103877377 18.510732149866858
9.684561607484046 17.950214923314117
11.171426020290234 3.844292992780882
13.05434311003452 12.762125795801964
16.308325187720794 0.9081083203976048
11.632069368103839 18.34690592411069
11.476957228906402 8.28128749812938
14.645263019688208 5.1454544364778565
11.073619721948983 18.281421696834318
12.308488408813309 6.684930451304602
19.1777748495528 13.353738406887691
16.661341819259423 6.570632322799462
6.670033107388839 19.244477778760704
12.377469916032402 18.26583711085553
8.24334270612388 13.57239781216084
3.5657294883646418 3.939491787665048
15.260146097976934 3.9005662409348107
18.85414659744816 16.96245851917895
11.990292917778438 15.52390617069383
8.941849081809943 11.558776344223174
19.971529365407005 5.9262204479458465
18.323687005441585 2.669187905903385
18.06642065139711 10.223718462585826
16.03678290151813 19.259973793402047
14.24658501684597 19.900338872469703
9.047790515573142 15.110895314029296
19.217155718891604 5.753450869241625
16.294158576109087 2.541850197748481
11.70142276654632 15.20679080592747
11.412248263970877 16.588612882971912
10.537622707273684 4.010778889279585
7.82966143231153 19.81381677750914
19.696893662386653 2.8386362754376915
1.1686888654600258 1.2401160922672427
8.913428524010973 10.400007753831256
0.8023008089830386 6.81825172660286
14.824905534970746 6.432078532553193
14.923645690172219 3.3935156992739435
15.353290088658868 10.291442335661587
1.634552376579801 3.309901106801336
3.5131488817698564 13.858282454940255
2.3280551327415977 2.5919990205675725
5.916636731958884 11.07768054278883
13.03450187767876 12.070486033173387
15.95135452271801 10.701174991316778
4.4203275692091655 7.867833651232264
1.939306142868813 13.654954261789138
11.773117268776826 15.336637775912664
6.542210100617176 1.9493590536562988
2.5761017768471706 8.843766758316656
15.260461719192495 2.157647950941066
11.169771549725905 18.719290226778217
19.080059295959593 13.230263990520237
7.517816912432627 6.239942430390657
9.15385597372742 5.774112838918894
0.23914221794723023 17.692652696372264
19.860510382489206 7.914657340002702
2.8372228079598205 19.364457851506124
0.6665632322379955 11.471903699946155
16.452615147213347 6.730885486938836
6.924075459912138 1.4196402510921735
2.4839544836821914 13.165691361322454
15.068310000463025 11.460569721174899
14.06731152657219 16.1706055282444
8.636970715368458 19.03825916954983
6.67329834299601 12.424520636502784
8.114524895360711 14.220112873145471
14.975870278561686 6.877351524769861
9.8121989010635 8.623848577516602
5.66626834946403 15.664558839735367
16.82623338855583 12.923250514498719
14.030106529440193 17.794123533811266
8.574040058334326 4.457240214169413
5.875126356014045 6.358533677008353
4.489925664691807 10.079598771039224
15.791669758896141 6.450130148008939
12.169073612700485 3.62495252355733
17.747464439575726 4.0089340802487055
10.580518223292255 2.2299049266596715
4.662831887716942 7.50786699358744
4.926861893488184 1.236498886181947
9.881976705668132 2.6810496049650934
1.3105361857302666 13.518454455933199
15.350526397683154 19.42664854195518
6.57341447728678 15.808924655162501
18.82904661183989 9.566525918900986
1.5086430453861444 11.97177721059359
15.616763228738307 14.320718883097074
4.100561769698919 1.1467111065151148
9.029272953137724 1.1555654946512717
13.530639607185313 7.311775856512743
18.26854665717645 11.09007165404769
5.39436244004966 6.045163029909237
2.34305981344727 19.595893454981606
13.90605810953917 14.13140509670878
4.340421346932737 16.90209538314672
7.825664927877289 8.145408681699156
1.624397947218581 16.816617832815417
3.4234793843566735 9.26102343588975
4.422767370219676 7.1021778706313405
0.00596059988135389 13.26913493606968
17.791957978037086 18.9951049396858
11.357692342626818 17.153543786892097
10.088974306977663 18.631387505394986
19.91163462004752 16.561184716966196
14.850624815703332 8.945001339791398
19.541828558623077 2.11650810178591
12.374617156533343 17.02936081713037
17.579757923077622 6.7681405897294455
12.316596211479737 9.003518504093623
16.987587216916424 11.21921158294808
9.261758061458291 2.1005214652552717
15.578536337622555 19.981020552023928
9.499171127877311 11.996114174791614
0.7566872185614693 16.70299971972446
9.121502686497722 2.3217529602931264
5.455536854623233 14.170207071759718
1.0923506936289895 12.856689643856157
3.7866570912824393 11.722864451040104
2.0679291430855407 13.0696504681186
3.3668313761500634 0.8407418190958182
18.529381145512886 18.48142818427392
15.374103225313792 18.248464338706565
16.176522921675502 18.74547950616978
13.090164678012714 15.136103116911414
16.553359590521048 18.394404119484385
5.018570208966031 10.952693114634247
0.5202370635092568 3.87596494488625
9.625287964611822 10.718596619682117
9.457030350909408 3.8030825542544444
5.330120225514852 5.915922827803335
1.9763034344588037 3.268032610045015
1.5845711568038268 10.754482354623672
6.444894066728917 7.621835825205954
14.703761527749897 7.974046103212968
7.756924316342211 6.2956339027992865
15.577024115379636 11.331960439401609
0.5707574673852212 3.0416048898798853
5.463845948235459 15.538439119302105
10.616960194572071 15.396772901871515
10.788852308892096 18.640148296024034
10.703848818047527 3.223826497145934
8.181562332375549 6.71597771367728
18.69175085515098 3.8588656196475757
16.96367042291045 6.2371637776006095
0.9766190548384834 9.696754208829626
7.8686504716957 15.557225690443218
16.918184626792247 2.970554601913844
13.985497184262583 3.735447772642999
7.167361810264474 2.0322954564702633
12.750461679375803 12.260920437402586
11.99214438751823 13.618099453275663
16.267661900888967 13.232447111089154
4.470769809620712 6.381492256046968
1.321487754225743 6.162884314152346
17.815458135524782 2.404478249916351
10.15074047743951 14.814785227250589
16.109557412563444 5.446769701737062
18.386489392521316 15.337483492075947
3.3854730579093406 7.369315802375265
17.512652450318463 7.464040956830211
7.240269909827523 17.469077328346657
15.79034087650902 11.639762260223975
10.08038551641118 3.387765534365379
3.7940396335292403 16.69226694652337
13.606412776548744 16.808044036210642
18.539724632194613 15.016374925117331
10.29344543672655 2.326476288504964
13.642053895710777 5.235367904338082
19.392013594553713 13.693284334188933
2.0197935283052293 15.913440785268167
4.36916170909427 8.034759947136125
2.375677788961119 8.132465251763879
3.728754166413477 15.724960650313712
11.00893018770332 9.609449821882263
17.794636474446115 11.249088645907417
16.475703016642505 18.519373323308482
0.30978687472811073 18.701749151469244
16.194726994595023 11.301342351363942
5.599152370620164 14.489053114512497
1.302491801868093 15.464312035403982
19.563371766357236 19.354316652879714
8.894310853404765 5.771883873587836
15.91513420543208 2.022892295810599
19.24464957113169 10.17397923305073
7.839446179889531 7.562440114544136
19.682140405972298 10.466468643359859
9.653612260346394 14.980736357545181
6.501724627049088 11.89811374567681
3.062264737170639 0.6338976140542729
11.628397229746533 15.80746947374142
18.247316291134965 16.6936736949214
1.7040726124039351 19.86066297284969
11.302225540496089 7.223249030901215
3.8510985746207504 11.57425969906697
6.414517445486656 18.33677614064336
4.573000694408618 12.545694226956517
13.720010114487444 13.468634288625198
6.0850550982345375 13.177039856501754
11.896749101106398 19.954203858519357
7.8243204796880494 10.666161418315616
18.33616649431493 8.924714691483363
9.97080100837541 6.652579665773843
19.123529357697276 6.944514749504636
10.518432784535484 15.143660796405898
16.07925331353001 14.869883860885487
7.766617837131246 16.21001725365885
8.757210970957432 7.084303273556913
6.060074314029505 6.42729940261733
5.565674740205971 2.565865910656966
14.186780596531076 3.154826351863005
10.07108161099702 18.168296943441188
3.0508447552013562 16.47979579210609
16.06432933005645 14.047838244226767
12.069147689336896 10.019085219244365
8.113843362550826 1.3440292843831103
2.1976412085979113 9.758945769865814
3.099199217962849 3.023190801346729
7.575223473735704 8.726167702772624
2.613591816194447 0.2192203469279974
17.480128447207463 14.522573145633464
16.143002567568942 18.45705660424256
5.625816196698921 16.617985568807253
0.57442351892798 10.81998848428797
14.780365817617515 10.785090951172167
2.8550382335711055 18.42273273237188
1.2754152773751959 9.172901476013216
9.518796752695085 12.478012113570525
6.1777176332440416 6.253800426118596
19.31633944688628 6.795121360283252
7.7284155726669646 3.2424430625985323
3.3287653194930877 14.72477783815799
3.112171599791693 16.573050682739837
0.7152718848254924 10.36530924269347
6.700313053391563 9.634940052390222
17.639217603210927 0.27102873324803545
16.619192271796013 11.204385014682757
11.936696363722088 18.954420496683472
11.826992519631567 18.874211425165917
16.73624222597837 9.149546042580806
17.839227970931084 11.270796909072477
2.5078155719000117 16.10485644577019
0.8252414694298826 8.961423214653173
18.91374437352463 14.099383601792486
17.005006956618754 10.69322545233325
15.353842216766672 12.927056630696645
17.10760463995816 8.968248300950439
12.24143872668976 2.269683319037692
4.1097372563093115 16.94740946379805
3.8166012983932207 2.6799002651271997
6.554713484325734 17.289449505839855
17.697347990970233 3.3211962437269094
19.459341326609852 12.769228706375642
16.389198965983525 18.66287702568392
0.14820674228532615 18.383010354200017
1.6179229774639836 9.003633530707823
7.311850234431381 5.136657319794338
13.61988333558173 2.9981492857315373
18.167377411084022 6.8259403234185845
4.418918740525983 14.286970191609079
10.807078545552883 12.856451716215123
6.638211695014638 18.880632149149605
16.652658847448706 12.5138790930244
17.540145854743546 15.124833540267478
11.389708931110231 9.083701809023601
11.756668994939934 3.874215628673452
1.8390878401518074 5.832624083241644
5.56722582311272 2.9280919223881985
0.9289090205125761 0.10236736755867337
0.6008399820559673 6.832256666147105
3.2628590232743626 6.629706539743796
15.483468357920476 0.8267769774635436
19.73760817018961 6.694925537366734
10.22127585003053 16.02046012386334
1.2441020621128507 5.814144476623322
0.005007125806264501 11.798458748390084
18.694555931614353 19.429256534145715
2.6401763906559084 11.020278679508166
9.449003879462271 13.412488943169887
6.952307377170907 13.741202565472983
8.672287950853779 4.190887143468478
8.286008404219995 15.99095954557011
18.23440094672263 11.909299228041926
11.61117862413931 1.569228659385078
5.474128682684261 19.28872454787951
12.76919073933227 16.868350213349668
9.477970017037356 18.700164509505658
14.036412492767488 1.4094059629669276
3.4833469657693006 10.462399368396342
11.451967764275777 10.078605298532523
18.597135619388293 6.4853981775948615
8.251172506201137 6.976696139052187
16.22760084548228 15.119343438463895
1.265597914833565 15.344904751310878
4.459826118122876 15.43253589692214
15.295263822091593 13.206680933332278
7.061783965581466 12.129733863380247
4.227980759788458 10.165319398540413
12.890198892012286 15.9357497779151
17.075399101152 7.223293806827867
18.172412150494115 18.507417409347816
2.1148502721259232 8.539939594346935
4.472463308072365 5.800319410962982
12.970597917891135 1.719881049365728
11.106661754358898 19.304950798482004
6.737654617895023 11.52540100951917
2.3559212991880396 10.680270492119377
6.145833357210195 0.8317182460116945
17.029196163409267 2.050874977244872
15.28125566418689 2.1949237831366553
0.7643564559471439 1.5973156853704928
11.527056800400775 13.578108340939508
19.909897541276674 12.057351931090057
5.1545600245238195 2.581996831595028
19.912891888759333 8.369219924008782
2.390726614169889 14.952181061210245
0.845632902227258 9.92628583807683
7.807222442710618 15.185829349930462
18.03544583351493 12.775710341994952
17.52096116640578 19.7365272465111
16.719178307433427 17.58205966743693
5.965533780476145 16.616693999036624
16.2259060019175 10.290063915695898
15.887444713531023 19.12278442006107
11.398426544003684 4.159002310329505
3.7406256182715936 15.95928873105908
16.79614881852437 14.204493155893163
10.797211500539879 15.213303421442122
2.6790013368140553 8.07172256417421
4.062112228215318 15.43224070347922
0.8540342313836247 0.9774553308572709
0.47342842292771525 13.48302212231809
13.173407178154758 16.596425504832666
12.890300587446221 15.921877893068148
15.80448987033809 0.6310092856728455
17.014310383294557 18.279665465975427
18.34983648413096 9.29134294866832
14.660085167562046 14.968391711210987
8.476821349360817 1.0263484678536772
0.685281390261625 1.440405749263578
9.923759437541001 16.584397264045208
8.40966248974128 9.782521447188458
4.581363232050704 19.8456307971656
11.497515383471304 19.103095980369677
17.805420759368268 9.856231277377015
19.047177859888272 2.8708765393471847
0.19860611554826546 3.108232648591851
15.02598100818027 16.79021574443507
18.806374282039794 4.346717721833961
3.2084468729925364 12.848027947780471
16.00391390496532 14.049553993858037
4.420109273043435 7.843642559459902
5.3081692847865325 1.213086487248618
14.158855011333422 18.01349520827539
9.930967180623451 1.1904925827198687
5.560216808260316 15.288378170725325
12.096326467804133 0.0677844604326916
15.192580756941833 5.2717447949286855
8.977047475253082 19.42572300111591
17.312802614600205 12.203357816352348
4.562717078514318 18.324198018807174
15.982252546495907 1.9733378450815109
5.853295532227385 2.9588941660516754
3.837850871466133 0.677462822518542
16.47947814924252 18.67836175824308
11.332173813191417 13.255340638801236
11.18306357738928 13.912878263096788
0.9012563534094808 14.428862921823953
10.54758406513442 11.054777110515772
6.788233745332837 12.459129479061083
16.95148946013934 15.443193776069815
3.145505768313326 15.165813272687306
19.92320459040637 0.3444699446997701
0.557636665081287 17.20371364664706
11.909415527563446 3.182726823107367
4.2717323117143895 17.767034510414888
13.924965846462126 16.263408572732917
16.191568104140167 8.69269928425779
14.634777852093919 13.845875385843096
7.086276005423664 4.359794102300663
16.125248691307526 6.65940484597739
5.483925562431484 16.833022801209957
14.954592997819587 14.820243477113756
5.364867263927171 12.37382016862053
8.02864591117881 0.5956324289935111
6.039239328112645 18.743575014087238
19.43066392262509 3.574009386883119
4.48756521364563 6.64916946914648
16.54069732562013 12.538876145668736
2.962908215742923 3.2318453598034114
1.612132052263282 10.70709132651066
12.797571933824807 10.676175501637104
8.430039863145247 3.9806457388596694
9.126873961821609 18.816704565197007
2.757999060691878 5.474238932392506
0.63704803465926 17.045602733266858
19.987084109126755 3.8192752402585306
3.4638592835186333 7.875460027011327
13.732747329929273 7.608170521834506
9.013055956827616 2.187128590113947
15.082356618221908 13.831133394026454
11.74329825720293 14.493298561086835
13.778177110331 14.270888883521664
14.846756259030496 15.47428295095944
9.82761695978116 10.559069162125667
19.28207731706675 18.593252413747628
6.864591887739131 15.961290876083813
4.758977466256402 17.773966919529073
7.042890725699305 19.94622118216002
10.043218957718276 13.924801853104352
1.324455789858976 0.2072037661333903
14.345292046935615 9.518675704047245
8.732530300375984 6.043312374435299
11.575627484122029 12.489249190174013
3.4716415743051754 6.869969688751283
14.893716260486809 13.379552891664217
19.773437022653326 0.11755514178167337
10.248027253631689 2.9799857431777754
0.9094051006120552 3.88970505232052
14.498163612195818 1.6183993074983127
1.0185635429431161 1.4912932762329456
6.230210816343891 15.815773034860424
16.230202295452944 17.299355525625693
5.520774574314428 3.196761212656789
15.018829260353295 6.438506165116564
2.6747314218310803 12.345170912063516
16.81047661574794 14.33567864452433
15.356248585028363 10.7202250542906
12.56656302366617 6.467297387335518
8.552156851447211 0.8002277679198233
11.403544790822124 3.475273633026823
2.4513014312171344 12.296041584895828
13.263608216152349 2.316497613732842
19.59301204071859 6.577569579214582
9.233699460562125 0.22378436661500078
4.532378646014939 18.382204626766054
18.31720902743272 4.9945007730759965
6.789541309093541 9.425002492246337
2.294662302186008 12.486401778158543
10.994740725526256 18.70610953398256
18.766807518942855 0.1884623544705688
6.9104023133671895 5.111757474094237
16.555503431353664 4.347791187224452
16.40605452099562 9.330919161044148
7.344869243130876 17.371985811286308
14.481430737693708 14.160505918727683
2.7771575409888105 2.0895665318020473
17.077607951889785 14.94775717511692
7.174872238349604 9.939418039789523
19.685592753885462 5.219265635156902
2.6426637394108043 11.273438920389637
17.656280161017488 16.471857266063946
15.509576116492719 17.694883026808704
1.6352492147386544 5.651323573862896
10.90424688516022 18.71816520875566
19.69038649231929 19.02079330664159
5.7126981677202915 8.024174490615778
11.469863664257671 16.92130321236723
19.25037319156931 18.19842089007659
9.122525495069471 0.3529138016159372
15.687128547519526 17.077637354407916
4.732272018041652 17.355498336820187
12.595898047472947 3.6937168932882747
4.662554636691423 4.844106721267451
15.952795228180287 17.29216051570005
7.476640484275869 19.854599501339948
13.498437784029873 19.0154975423633
13.993814626359582 13.081017909025622
15.577320167662867 2.580401661304681
5.56124343667129 17.136938925294903
15.404085569223966 17.640531075712328
9.765734545018933 2.148853778061759
9.16257871904203 7.515379853242585
11.579173355668615 12.0903760869482
10.425598540655429 11.578728637317564
2.3259357468442166 16.691882694896567
13.090292855657136 1.8385499297384889
8.880120956749426 15.810952902900507
2.3561782953426236 13.103508652225875
11.14496538666534 15.824773364442855
4.229784987301974 6.619488933215639
17.136342837577203 0.9064403047152481
0.6219773605739776 18.1728369845801
1.886779177508846 5.9728820813426236
19.31101206473641 3.3953212754303985
8.905942692870227 2.642902270941645
15.876444972845675 5.36906441017609
1.078103785747142 14.719624330798258
18.166010473143796 12.61800137776666
11.64659251843749 5.512404043303074
2.9396488122380404 9.185690162596192
5.3297995110865815 5.739050799395735
19.041870964781406 2.7375863082840457
14.632820002291254 17.799986263929245
1.7856894465333983 11.489172637871954
7.0633490395261544 19.89174942103963
19.18837636662203 16.24961730255133
5.22998241479123 1.7280310173417202
12.281336234812919 19.98391378155258
3.695601410179772 12.562210356810015
18.923417289920444 4.034738368522279
3.978056623001147 11.756148815640246
3.3790096404738645 7.508542862491843
2.2348896825248787 2.315763165897231
12.379320216630664 4.318676971961503
12.938370160572664 18.614703718914274
2.467232891951865 10.99162511414872
16.241652786074926 10.953222321366558
13.13320602082827 7.580710085294213
16.756392100489652 1.6501105467103838
15.581680772310287 13.89491603033129
17.106681678166147 0.04136537808158813
7.924509276750249 13.738741043422369
0.8937180497194297 17.0600203294987
14.179947730923292 0.9722940977481076
6.600120738891004 13.997361022063581
16.66277745468789 12.939115108741131
16.482368162115545 14.596526912887697
9.18316384347264 19.17248783491341
2.6443443798571464 4.805280994370429
1.9288819954728753 6.2792927813987
6.254522206817477 0.3155130987046828
17.98757798226425 3.5137291747123367
15.263834878421045 18.442816248016314
16.172759023687707 7.7915139724399225
11.000823850525304 7.950268192610082
15.149240746398116 11.758455765694977
14.665187821574467 8.096321943284154
19.810811839352095 14.01556864860966
1.0103688031631775 6.4874937032350655
2.444904576646587 16.716186331790112
18.400371618167785 4.242319239544143
8.426093097228133 12.48880751349115
1.9455127105999548 16.523829509545486
19.012271965446892 10.002693900681574
9.566359268009636 16.673575955733032
12.274398366461046 5.481512357068857
9.60461448702204 12.981022456828082
17.27271321017648 16.083605659898
2.9942685322816676 8.547893610572693
16.299389724756363 10.305752038798852
13.02584635126692 16.757861204340024
15.339580298780247 0.43054903545263645
1.3811207961924987 7.537721573578036
13.859880930798745 2.5258528259845425
10.385192071165246 2.897003904377753
1.6152415051621194 0.6179717090025627
8.317361175808937 4.158730457292821
12.372403574171296 13.39860055887888
7.141761550956125 17.844825963073262
12.279960750212664 14.188763364002686
10.163245838651811 12.35546324662927
14.072180829097476 17.871309473787015
10.883541924718925 3.382405670988615
7.375749435128971 2.1167971910691152
3.7272425172615353 12.422190782320355
0.09563730097274625 14.465871132276977
2.32671552606047 9.805782255385916
16.18831256772442 11.694523860410435
11.699545565960817 1.3370985880225428
11.087563694392578 3.3769205229464827
6.921666238105466 5.9336033971854025
7.630216143326416 7.6737358425299025
12.793853477170583 0.5879300189501757
2.5360685169343533 14.112235913097377
16.518801166761875 18.520291251059263
6.3283995381107 5.48763374197577
18.55051691302904 16.567205121987037
18.038432120132633 19.003498638918106
15.547311078460115 18.652851015219614
0.11916091955162633 5.382315058540192
13.754191906636507 13.615150168934267
8.70100229545111 13.915540885419823
11.15999401214035 17.709447960104367
9.653733918407308 11.285811229231033
2.4191180605932616 4.788453229526675
11.876238829075303 12.482206899668508
11.79727161616286 0.45787472734525325
15.817589676395178 3.242799176869917
6.295150287676985 10.432975530470205
7.440048766526683 5.196945108734214
3.6235165104396616 7.872039427581726
5.666582662988439 17.243111877536307
7.847667050570857 19.638544844980263
14.812526794468095 19.686266867701068
19.288821863590105 7.2445932192611195
2.583066477873537 11.272172235560012
14.66447932415213 14.653952165411745
18.925227142505058 3.49418767003143
18.469333422569548 12.173827449953968
11.355105632091318 1.411476417409654
7.242867558589056 3.340278350495365
18.338096462525712 15.705783714407165
4.6392720553300215 0.002962171568730021
13.881909077367183 16.817249890098182
17.10987161181398 9.740676917154307
13.709190065070384 18.73798040539949
7.527769875182582 19.28995417384382
16.208609539501968 7.405403656557481
7.228956012237264 17.84473594312547
19.82029307265817 6.625704340985914
5.713647858408666 4.885944410350325
12.59351129608495 3.0709140826148085
11.64617715939771 8.625545399370962
9.36157855531626 11.131522665834641
8.811254000476632 3.200475792603803
17.31093566980719 8.26974918866308
16.32897795265784 15.427595709724747
1.6784225691116328 12.006892849713092
3.7004960318868596 15.231603163669622
19.89278792071787 0.791473592342864
8.150736902674625 7.783629535423337
14.683499669269047 2.733145428836441
14.25418490778101 9.939019125291207
4.511966315039921 8.550646481666266
3.974187529999278 18.738573625046737
3.1372923787315776 8.070336031546256
9.015817280885894 5.5383242354481315
19.210746739642467 3.225149126237259
16.786847175477146 15.75867824094815
11.500127901946433 14.742075368055236
16.280926433961096 1.2945642072922436
5.6772593184495275 14.569556156987014
0.841569387673724 0.3039834031064581
14.558876309790325 1.5844742507061649
11.035118109403374 7.393158901078392
5.2731863765690346 14.23168458888145
2.755346047987497 6.142243186770299
4.03143227710228 0.4873273746539475
3.201925033513766 5.466350359397916
2.0158075961531963 2.9004388403330528
10.519491727103924 11.48242746383934
4.352103422867248 4.455653106874411
1.653595529999159 17.353293336227004
8.217514110181963 19.613081402437377
17.374324363510723 5.005930685223834
5.841031655855106 4.11972299718673
13.437952851434844 4.67191124876128
3.485920507424558 17.05005173310312
2.5014778869725918 10.873609329302267
8.460774599072007 19.021702580529926
2.674439282155323 6.780645621908732
2.787695153666294 11.64545870785939
15.486962516813286 2.7867756765672236
14.363168578445428 15.007028094471988
18.57247672391669 9.708227765865198
14.279236759374331 2.3413732257225495
16.508106718775423 2.1802714727301975
12.42960099415792 4.048643214389422
7.0252651193668525 3.6295830242626925
12.607322814296051 16.814040490453458
9.19749491117823 0.6257448190387604
3.007814603132235 7.832223559539662
5.232149381585598 11.466014363719841
18.382853497826943 9.000148549365449
8.137037735364226 11.523260557599357
16.04837108404799 11.430513221475753
3.802669479208287 16.18776744664606
19.530814748490716 16.751263222282315
7.93529270644534 1.1593616790062589
0.8438968604273378 18.394894362503187
5.795430156847994 19.39712380911712
15.219588422705284 13.444565555771826
5.841159095329235 14.209714553267341
10.574238404158226 3.5923232253366777
17.14490866562018 8.770126222824672
8.072733971235397 12.378013707171363
14.847079610185904 13.764456852431742
9.860650144004357 5.115746896134137
7.929325807613878 16.935080925766496
15.366362857983036 7.7780500453351875
9.234863340603772 0.9543766445733226
18.532138774203265 1.5961358011934434
8.932707460798516 19.36594571806312
14.915236258992408 1.247987740583727
9.517266555908893 4.25604555084848
9.807094985317171 6.244250302802783
12.95426024908264 3.8687386237896737
6.350709203471641 7.485189733168934
18.728445969908073 13.554033402200979
6.0933285148224865 13.950269072961097
15.318187182909181 9.239090271311731
13.493640816860362 18.095176587910284
7.016415252076634 19.038327436443968
0.6096406688465628 2.769404315982029
13.037067084115119 15.66906053691084
18.5254064937322 7.330781041698707
6.490629679252917 0.015079448978290166
18.03205095759558 16.12162600526826
7.081923769451814 14.481349905757519
3.6601255510853714 8.584476661814627
3.2778224062912287 13.708812431539164
12.367811250824094 17.033628102885004
17.212108359459005 9.7690286282148
1.0212382526594466 15.462004233210314
18.739214716537887 19.134203704731036
5.260324840948256 10.75114834739513
3.8181247104022598 9.51890652593789
16.425549778144898 6.265424633807211
16.802234310406593 16.11557324752201
12.928100094862845 17.049780688060814
16.23051612056051 8.796674423368462
17.777875772981666 15.713718686714591
19.359852817046846 4.532205107305412
14.940861595493848 18.57239597418766
11.94793988130633 12.571931565427303
3.779400347090782 2.72905932115314
16.69068299488093 13.86761941782887
3.03594532490282 16.521299397891745
16.237562576415176 10.761237894619189
13.65288875782747 8.116887408837494
4.852946656991612 18.14092961412113
13.17810272712573 10.03325028284356
16.560887351850244 3.067303015156382
3.587862516255942 0.9679051337071964
7.005447975683192 16.29839924247311
9.065834689132902 0.565467203839618
11.278151870912028 16.192447886093955
0.6088769168601393 17.610123775189727
0.6086731859760541 3.1433342957078247
10.287387877684957 7.620744476790597
17.0844119022895 1.004453008234305
9.570015137289902 1.9390828921289782
17.459141954625807 0.8824256208074277
3.3295307451810263 7.139805835197364
4.630439868170447 2.2329307859218073
13.978730414594985 0.9543663136686686
8.510135159717429 6.3666762860506365
18.642241493262603 8.889017309390226
16.781564773842078 18.274334785403635
16.352155063906356 14.33054637835041
10.43192539050686 14.105028007693978
1.9624245622112046 14.171590340009201
8.967574650300687 13.683741633726818
8.809012465377151 1.8506733340540737
15.864634465525558 0.1288252486404251
13.099790766123792 0.19039133054778334
16.076809272406 11.931519620952
9.60024020551831 17.530441489051782
14.316841447399842 16.78522617174564
10.388013916613929 2.3904917996818265
15.347567413342924 1.0030216868049835
6.281468694379868 4.261149175814758
15.663070667807 13.537701891426055
4.004303674382507 11.109577573380214
19.70995237461274 9.419415215418752
11.230462699654929 7.799591419413372
13.193277727590276 3.8517330572073716
6.360504044138954 3.864343875949956
1.0312837776067352 15.2577819979503
0.21266192351860447 13.932990302209022
8.1674667107451 3.2438429777035394
12.768855911112318 19.60100474379037
7.718198312903097 15.748611068526259
9.697943709498194 17.647108324177523
2.8285549381708397 8.572080341978328
10.585537355969786 6.238034531300684
6.1285634100265 10.028807789523547
13.631728656990877 18.125657052131633
13.826618052865687 13.646087319512446
0.03511850725436361 17.82927365800596
0.24633203724085728 12.628347405068752
5.363557446131601 18.40912743270762
3.007636381818899 1.2348683309025255
14.919043923101222 2.6755215817521716
9.072461551033392 0.2686933095185928
15.436264866033868 13.541174178951213
7.519866872616099 16.550391843247866
16.411275834077326 8.71273588500182
6.185022271663085 19.55111167707223
0.9388735376532109 16.030668237403937
16.190967659488003 12.285144207641512
18.144220626635395 17.5049752112305
10.92161855542006 8.112998377941079
7.126333175284469 12.457551980699417
4.129001493969171 0.2817680417331925
5.788062809318559 3.1701970408404034
5.63725325537535 6.830355936702905
7.009231603232962 10.050618434139649
2.5004363032121013 9.91290074751365
19.32663226847374 17.567045510393747
18.490752231791557 5.6445297527433835
9.61659934835713 17.065335025157616
5.438279988970896 18.249346710369107
11.232930992761116 8.070747864174301
16.21288144310157 10.591343573586068
12.634936558220144 5.789846724193042
1.0334595346611675 2.094703090892207
18.747440155834553 19.266251612636204
16.309276705892856 4.610748358397099
0.12658689676868562 12.007273254434683
18.362581980545283 6.964565751952387
13.462339547933126 14.886716665411468
13.151314035444662 19.715117220896698
11.030578673614535 9.742435089944411
7.505195828111448 13.088440149895197
16.4147550303523 1.3255000268649564
17.40804467856904 3.0943034201843256
9.149065160406115 5.121122174558428
14.503680151894539 3.5124835833619428
11.892169132778644 19.049748662972842
13.272317236873416 4.735595727837294
10.3224821151915 18.17004231625498
18.21888340707423 4.381200201332094
18.153113000654155 13.243726951642365
2.9342168036485528 19.136687692754936
7.496555213318043 6.385564232465253
1.0346420423190006 12.476218889170097
18.266263040636638 0.01001086553781061
12.754943661511128 18.689791406817754
19.384274362688878 8.899386985610445
10.364299565107 10.090272305035207
19.271079097773733 9.45666263354357
0.5942535663894444 1.315019594402651
13.425965068724057 15.069256893817634
12.912352443702078 12.314511506772739
12.863090674144944 11.998520563126574
8.744590956666551 19.921156943068922
18.75058261853167 6.322858440691164
8.644349304468882 16.817270716355033
15.806975324158156 19.200724177228256
11.925034281848655 6.271952694094747
9.841347477719344 5.0830054844985355
16.418165189345252 11.192414128793118
13.280538567475668 15.492599662193609
14.788181362306025 6.8360534730278815
6.608856461036585 9.602253181171406
8.22977777919074 17.955388104272508
13.352731557140793 2.0800330819364254
18.39310008393044 13.1987055477097
1.5747849410345705 18.535062136887177
14.026674053351984 2.265103050841899
5.7988249335884 19.384453523627695
0.09746682582661981 14.61334653701755
9.869313016806007 14.075633863527166
4.042005201455421 12.449769975535895
3.4558651183324085 19.33655467318753
16.322021650172044 5.271219483074887
2.7453970164678543 17.489546817602747
0.6026172146868269 8.414818246434763
9.321541461791629 3.852874750693358
2.640460417188466 3.867124392790926
10.313008973648252 15.867314927166035
16.36408942669451 18.01101671232167
17.59958230340832 10.823366433228722
10.647893003371054 8.039441502583802
4.196475733441676 3.927995652122358
0.9258954673653719 6.440926361568177
1.8948153620665753 13.938073864064673
6.060991511208815 11.262544501392851
15.818035410710511 9.700973207751353
2.7798154723436386 8.781808008012932
8.761005001535324 7.681049716802642
17.50295004895002 14.769731856357868
11.010742707185397 17.914036099238505
18.544727273574907 0.7031088641275596
19.80460193795463 13.819631648545032
10.42638697219203 12.08480237388643
6.663841257277396 9.91588398475554
6.440902582524696 7.456655512548275
10.547524639612607 10.717205299269445
5.627311612884094 8.740394646825207
0.10373465806596593 3.9611804816940754
5.9569205431581285 16.217676391209107
19.252098598300122 11.797578982925707
6.803276701767745 4.76122471609507
6.913676886573166 4.686279930045158
10.662345378943936 1.85477817391142
3.911279428013106 4.489094694234184
6.6088505797839066 12.49033608407624
7.895310332521013 15.603753221191006
6.119271421261172 1.2070052710417434
10.60728433116191 5.976600725716173
5.661523698948841 7.3364932788594235
10.875169318461793 13.443837576857707
9.845874345856336 15.946102212912576
1.4417562489298352 17.08940858178392
3.951184253286053 14.020846666705902
18.059286425186563 8.170935237483597
15.285089935134323 9.102104415147895
15.240586577044743 0.6533646998274278
9.10627997351374 15.900985257706132
14.639013980872024 17.50328668981014
6.731542056595594 5.33038886050541
19.23651942250136 15.635156237858565
10.969795114622018 19.950508927270146
19.35119371053424 9.763939965682894
17.169849668864796 9.998300510802466
14.932668795927878 3.406977117312877
16.93816816370137 14.972244696054718
2.695798378143499 13.89114655925268
5.977435588704543 7.169484940256387
6.3500620293796395 7.459684160394062
7.516272293610822 5.623228209159372
3.514164261865673 0.4363071336921909
18.44496072098351 1.5640529876841658
3.8623478177992743 12.89255982480675
16.541585728975 9.82957818644007
19.63094976867848 2.3775860907240465
14.067513488538264 14.572697339047805
1.8207832170073845 17.007815994622476
5.530678967481775 12.169390796225487
13.262936495630601 9.577330542039377
15.559671160352286 9.402892053196677
13.172631886987032 7.3379551811129495
6.6011366352381025 10.801773528646061
16.89780312660888 15.71140873258936
15.547568030397976 5.435295687351243
9.276092532686118 8.434119867005116
13.422048518747967 0.5201471599884755
10.345991899148608 1.4986012196546272
2.8910884866696063 6.868482925703436
18.114887893949934 3.7435548416540576
4.646187105235187 19.507943877947636
4.6687999673030784 3.0581629869188443
15.589311131067955 15.73013684157212
19.115635770005383 3.9043008926244593
9.277000064398951 12.374817195178549
13.685812265863593 19.223684582044932
12.222332569488989 4.332813434455498
17.771129300865283 17.785255281001046
8.423544391056314 7.051499320612377
18.76480864898091 16.641378354595666
18.88258853911545 7.2524178739878975
8.272648438109139 7.599715428767853
12.896481850074505 8.12142355309005
17.597263845630277 16.480913859483632
13.548807697786277 17.9075075194098
17.354432062582916 14.420534838077364
1.098265870314279 14.167239767185453
12.662571067820087 11.586925075525174
14.855712911222058 19.817550268710953
7.553432234439379 5.425015270341618
6.660641168114941 11.710348453387079
0.08410677090502805 7.899316931550366
7.212601935714417 7.6182647799495
3.087475115678393 19.197659287583107
10.282586396053883 3.3215758690804464
4.580272617310155 8.970499005050105
19.223929335603238 17.912162029198647
6.554958842293743 10.41891239938401
15.2218158821048 12.48111710360472
11.213627225643592 7.4076621138950145
17.365013635534194 15.03242234721605
19.659205286593764 0.2680107222328765
10.892975672310676 12.765873041092913
9.641241223306874 12.06823356372263
1.8660000404824695 1.7982224819041681
6.160597327906798 3.8680712922228055
14.025652177269865 13.942302510939438
11.569398466381834 4.836630496817918
16.757197806151826 10.339644891505896
0.2596258738077628 11.10153989481891
1.8353189497965694 2.542920825010835
7.115766365078682 5.810433843050116
11.02891856942138 13.07029379938168
8.613965286066607 2.1241259530568812
16.660350175855264 19.504560776036996
10.78216279788403 10.724115580724376
12.85894381115769 18.885737549325384
19.1927135233955 3.9053487256220687
6.518222084793665 2.4465301275193663
12.741044489844565 9.438436592504857
3.8607434397276785 4.665908199764499
15.170908353626565 19.123820630880502
11.034029519869208 5.1667853948837354
16.138840910858036 19.323644695023805
5.305571730379017 17.159582813185114
17.06745788454794 3.7453909052300727
7.194442004337556 11.934248646645093
6.119254546093639 12.36459683285587
13.271563055858412 5.329066799302764
1.3296010873667297 14.612276752947725
14.380223712877447 9.155391148625714
1.2696657505167441 19.81592830994965
4.672958560817541 8.233207195586697
