0
3.305161362995792 12.65437399131917
1.8550024063938286 11.31844648188433
7.7006717902245425 8.622149428571124
9.251063221789941 1.9351518223332365
7.825373735081165 5.878149151161778
3.5991541329797405 7.422055810028887
6.006823003083457 9.323806270077295
8.081383596741427 8.0926558045655
1.4497224410779608 10.951820174142863
0.7844569320523376 16.37817308378873
0.6478970211749369 11.505789403110501
1.369823213733632 6.518200652067055
6.710469960164227 8.4925530847436
7.71790034381413 5.172238596337044
2.851877249402881 10.821295132504968
12.883904804230777 12.454677586342765
14.377387729176261 3.956731508605369
2.0973401788557844 19.32158101427467
8.202813279147428 3.711997633771953
14.556730634127515 4.288385129221853
9.279157523300107 1.670127123993892
15.41572127169404 10.133430537082438
19.24993828213394 0.7112885955767179
19.626190818224124 19.543007836952487
14.250992163513343 5.236244568666848
1.1985561466651329 7.5793908461099075
15.969572406287808 7.414756805418222
8.958989351475656 8.404108852879503
12.911598712579224 18.150964718318367
13.027776592620388 13.864486252813922
17.28293492559516 9.446026714554618
5.012607125888797 2.352268073867567
16.972619316830013 3.4516106253027123
9.305088330398235 17.76891960395251
1.832985884332916 2.7460852255130175
12.888329323072945 0.48298558118579527
8.78366018955453 6.228563759100907
6.707955455274044 14.84065452222691
1.2234305675127488 15.514215887238201
12.928463454865003 1.0914787037490536
14.816046426424222 7.827553496128066
9.291332768421531 3.5169576890888665
3.923002620519078 13.128676446741299
14.31087171674415 11.100496983791864
10.78842104638814 5.57074615924066
5.188277596970283 12.25301698338016
13.038160192867066 2.375231044687678
4.093943181397979 10.909278495487014
4.137315070623444 16.82475640552996
7.862562643960212 17.735768649324093
6.157310780049084 16.311670172564437
11.165126665935635 17.24177491582864
4.535810162215805 11.243708901888516
3.866416550394356 19.26105124468688
10.469697201244625 6.0964462191556485
9.546159783887383 11.572268649280213
18.163427940725157 0.015472341877875717
14.056514753772058 19.35221671140802
11.362066198315077 11.109539693560741
10.508106521824335 6.706508064402746
6.430360192742222 15.939194488442514
0.22134956047813903 5.698319746784661
17.696243004149924 3.6936894659137764
17.94933721261002 9.096483398905583
14.85917066532428 3.1622583588471875
14.07310037728239 14.49001566849746
11.970744243633513 9.844110904724124
6.489572334825859 19.466974010695047
2.827095329402496 0.4047901735336179
10.557131678220452 0.23128333220294284
18.569541935474486 12.174820201823486
6.733115516720418 19.3319834218872
9.872057643946203 6.499837546146012
12.43224307937751 2.1051073182934066
8.301118259736018 6.48970232389646
7.154401197537885 15.979197154696775
19.265537777917036 2.0773501755490753
18.07479537255556 1.9712387777699814
2.430921326111515 8.286433281987389
7.058981579517701 3.5005775709943587
4.555403231089934 6.220082262146034
9.45984061563599 14.074160660168044
4.410360862725897 10.521394008949061
0.07307877045561018 2.4472308634554296
9.781842641994583 11.91954399193717
2.272375511258242 11.539383419003117
12.505456295681302 18.96369026151632
12.614824514943813 5.686665327476607
19.069517227600066 9.160126526032794
5.10185138703271 19.73619766273448
11.52827241383698 16.466415985981747
6.800318033540544 3.0405648859117784
16.299056890846668 9.459528286095974
19.673057773734495 11.585003141192125
6.874260602471926 12.4832708388662
2.237617364440927 2.2812084696975665
0.5610287026811345 10.693600267906447
19.066507381266504 4.88734634691718
9.068633538750992 19.158668258480052
16.16180202846846 9.064655501130545
8.0955013674322 6.033746071136412
5.88145273087199 6.75678627037295
2.0249001243281373 0.31945357045305434
6.364220176784794 13.378824059552114
16.4203293548692 5.824990354216164
17.294649279374756 15.2287147770239
13.218681544461823 4.696359433420321
6.369053124753923 15.084586297540199
11.351282244931507 6.232849167206069
8.967997827124554 13.127260234948071
8.979935377987774 19.703320045093314
7.31031505071849 6.1280063462591645
2.6171466937619225 3.487124663237906
14.758190135134214 14.267392367318315
3.1067150550234612 7.1027751401936285
5.962424190391371 12.001847811264536
18.772922543718256 17.550745273478338
4.181478771168701 7.07035829952241
12.00358398715734 6.885082667281046
3.3774568981208675 0.03446939189136078
17.114239740938114 14.041783829955518
4.586701219748706 5.670575970896035
14.547818670542892 0.6901689407794964
3.582219266605051 7.084244815231129
9.296121904467947 18.236771293934524
19.989680318910274 3.5921048970607172
19.886512189035127 11.099540072615577
6.788257660091508 4.217617720210674
8.359220081287438 19.983436040985193
3.522124651183751 10.07282209196845
11.367718825288902 18.126779456459733
16.56793435897616 0.9489302159753588
7.866640892112642 13.350991575834508
5.448160339365096 14.114431033260503
19.80874926980573 19.23465585404283
5.449690713918742 16.62014096549639
8.854498413761787 19.846097412740683
3.7016093808809813 6.336420900217705
4.304758178929755 4.206970879851752
8.385626838609145 11.498560640756885
15.29930848953745 9.022620613841044
8.897149994634235 13.712111865525134
3.7807286543963237 1.203262536061278
18.54452068633715 15.170733564446781
3.8053558564904 15.313317207781232
0.7684745611658839 7.264898454722086
7.490000908863528 15.324500895574904
4.883409132000365 14.81058012248778
18.215156208285826 14.911569474739697
17.986577500776505 7.802830479850562
17.662450733111413 6.017890349857684
15.950861206271913 10.899939640166023
4.846139857246978 11.531288336377026
8.311294779919242 19.76964222006863
2.5054577277702084 14.648911390189845
19.375064762458194 12.979624878926657
9.056678965285306 4.873122052230466
11.029217704752385 8.290366822544469
2.7607759188080627 18.56872215047719
11.489852997477874 13.009122631201588
18.844586944443076 0.6250829942805924
8.63111267594191 19.48965210982716
0.020440908186794005 13.005045676701243
16.55179434266676 18.913059169916732
6.18121482797823 5.825728783827325
9.681965540288353 9.160909551603565
0.00483646071734789 7.104671346783819
0.0014722948512058132 15.892560112666914
1.784266507194845 18.418012095599597
9.836776997861946 9.864416312327652
9.006039628350614 5.455689700426422
5.222081534615331 8.07962837458792
4.032458081983852 4.82193288003849
2.9552373859752334 11.53249721524845
6.69957908485272 11.41758805961788
8.248459600635805 18.112662766368054
7.725154098125042 4.354111630014927
19.268402381293853 15.659913239845476
3.5277238349494855 13.587337971287987
9.879686874508733 7.2112452327654815
3.3900902730957405 4.322415505770705
12.550494216124408 8.157578773837933
15.857429073273643 1.7295856105347984
9.648374890000413 3.328320629178203
2.8423269573313026 14.623752815100183
3.248957847795615 0.9477358759041588
17.11607051330272 3.499086755727865
11.099766631438268 9.957893902389118
11.697539505415754 15.673171089828447
9.525890865718658 17.378704641033814
8.108080103541287 18.283496430833722
12.833780905114224 13.176370808207169
14.542785482810974 18.49237678880065
3.1639779161475445 1.537344034125394
14.71561907049537 9.494649610859526
4.763115060685297 9.495664200906388
3.4678645683574927 0.7858030767533086
12.290051260446017 16.5373379624148
6.186409103308222 1.6364500893069067
14.040545448012661 2.106194560381298
5.660399604261239 7.832355183176278
17.869400647289556 1.8614399092662404
12.211844953618197 13.477498688125504
10.108532882878183 18.08790783500171
10.767764339554041 12.020948614665395
15.923966184549595 4.835794625201524
1.99851716312339 3.6565792501627747
3.324275040217104 4.167434944748683
3.728979911242911 9.857977026443434
2.427527705533792 6.3144685595713
13.536265361193145 10.049133147564692
16.613320349874844 3.5995206419745585
13.779710228495885 0.2748242814913038
2.8310214841087444 5.652306187639741
6.2658933782084825 9.222845961530375
14.604869369284115 1.7508426471019045
15.333473386696282 13.063555863839436
13.171112545528626 15.04424525759081
15.349664679820611 7.3104676791436525
19.70189564242895 12.964350693755133
1.4422053861892126 1.2689016412638443
4.715141655578812 18.30920855926236
10.747706536588954 18.627997662276872
9.539200843620911 6.282245953604773
15.539286279006436 16.36466916725037
9.095572701660515 14.196704792081448
9.303448437733586 13.366352605046083
15.282538152605003 12.605729432336997
12.168169637753405 10.042702050668975
5.887069830226752 9.294255090925782
13.041217948057117 0.6846467976619275
5.221922086787729 0.8696435323185425
2.3997285991883888 11.442514685406167
19.57932543483569 10.613778532442739
11.879120261829003 18.53321200286374
3.1122559058841115 15.810129263893655
4.641447604760245 13.649722189734145
17.898764037894964 12.935055713748312
13.960324503675634 6.534473000747689
15.71439526181095 14.903427324196624
6.541586352668121 8.291398784815765
8.432250461931943 0.9843955303987295
11.80588466939698 3.2498137077687095
8.989779358134786 7.053946270474638
8.691440166326498 12.056480630903206
15.505922416080406 11.52663869968351
17.492219597857638 14.160553054970846
17.4017490369599 0.6097243676768493
5.828818078392459 13.969345307548224
4.272276638676653 5.448607509913361
5.0563737573969325 1.6911582296568395
15.776679928320922 13.283406698176526
6.245867752621727 17.244689469811473
3.9586324469457557 4.912142345297541
3.332187559242723 13.602816402702512
8.178057381534426 1.5568681366957993
15.104374652186515 14.551831055335905
7.230094533102058 15.654840278536906
7.42050091852446 11.085496569040265
13.246612521888943 12.147600053009578
12.361650718641764 0.5165559351440696
7.62014615941359 19.51662510485634
1.9965156461263334 2.876621282412799
10.459648089278703 3.1149926866025823
1.0101484638347413 10.288646558895138
1.9819917603338566 7.270270219078978
14.65743815680189 16.734472312329117
16.76268308791539 7.184634781146444
6.333918868188393 18.003201013567384
9.913778167099746 6.834005646616745
2.5135350803366596 4.594461776241272
8.026529555527116 14.868752737215988
11.885040792014763 13.96388198345289
7.110816294119613 6.944324818526848
0.2257174497273695 2.736386367374637
4.782942551119474 19.960922345005805
2.883145806718541 4.376209841883143
14.597931459469029 1.3671267228454909
2.692786202175861 13.290795188148829
6.691950560231847 14.983168351920451
12.741162129233512 2.459035041235438
10.795063433760175 3.7253088733367568
0.591459584249503 18.412591044796276
5.194006969728935 9.163584181741305
13.420407378004844 4.7623035846039645
18.369246326853318 8.020943002577713
11.972308789506883 3.4499964581735987
8.800078006699339 6.522594063789235
15.31815010856967 11.519249702604263
2.82608687347897 14.930154731970525
18.11472674127732 10.437004097361196
0.4727957235606306 6.645981693147391
7.390766121758626 14.861137714333491
4.7938737604365596 8.94883420821941
16.844055901858162 8.237437973663033
11.55180259981362 15.722813789839378
13.215617996232654 3.7226745299682285
12.953435513356908 16.467299703921306
11.51399867971389 10.668752999217395
1.676405166674353 0.4263768665742895
