0
5.803990299539111 8.125001330149269
10.89096721327361 4.197530695321598
14.259399273161586 19.421702696432583
6.86014851463455 5.975806464953363
17.69588754403108 3.5004712443893515
16.803028666701184 14.171852839371766
10.718998215265982 13.11252701891479
9.817118806457337 17.843516968415102
7.142890550243148 10.838017670447076
10.142130386769914 10.757835731013186
18.702761218092917 11.438139385712404
9.320053818037044 11.74808221339795
10.3343612281904 15.519995310033558
6.787874082805956 18.046449425998283
15.522198673101427 6.243310127437029
17.0236452535784 3.331259067888601
15.862540010551452 18.473910797815872
7.3236937731355685 7.715868543501401
5.256866432310812 8.089662685547253
1.8707303344337456 13.019738678516848
11.045958909690741 8.070328776107683
4.959696133205829 13.400382801690409
11.914328223708907 17.553604816955986
19.080197218648852 18.78822850337516
15.539232661636436 10.21536043312577
2.0114076233073908 6.554677671162108
17.728055462090023 9.132903139956154
1.1673580452670507 5.45695503071361
19.182351584477395 16.715855459380048
3.1375568848665747 15.141595018070346
6.046395123584485 10.340025142529125
1.6999188746697547 14.351718401252544
6.042601641287632 16.995424411734838
18.540013816222313 11.471510505371729
13.265721823509688 3.5603743387220566
7.492671102365849 2.154618305432141
11.602235186030079 3.2394173570922513
15.329013965866839 0.5214404552384866
19.26091027923431 3.2535392668914564
19.944026911985503 2.77358133025992
