0
24.133976115946176 49.34457375195278
10.503797267160387 22.67986287492757
38.16283449888683 29.915163987745196
64.91257715554792 73.3253064378576
1.1300675254432457 14.752342307422007
0.25996804874365287 59.460330033343645
90.23067550266022 11.894622414510614
14.689812255587142 59.49014581291521
59.27810383468382 93.13035419773658
36.189561160760974 19.999227800506436
30.722831454848855 92.27253476989395
43.698642539219 78.30214190155108
12.349086926574603 70.66317027574797
54.986334523323364 25.72397870255947
58.40372456230646 94.39266588077818
35.0863710369225 54.58222901981383
95.00896943492444 27.973633826424905
55.73568220111051 31.1582601237143
7.9333170762739265 12.587395694625336
41.04978433946431 89.38806061848449
47.142646015750245 63.525370199114874
67.57754912951154 45.5682262344001
37.02616677683511 91.07644764055462
47.91320644694381 93.06464174139339
93.78949797517645 21.865368547954624
16.203558446509202 47.827697167098485
42.22988404473899 73.5259933359153
51.17362709822992 80.45925337645077
92.9561367721284 14.59729124519571
17.70400784498174 88.64300691883304
88.08858481604665 23.65879801583748
81.52846059889049 34.941337267825155
48.57198483596876 46.97610773090894
53.28032914774925 99.2780528202003
59.45697134049435 42.30601779159154
47.90161968823065 72.8679222133818
10.853284828038678 88.01469612866035
3.3386652848648612 50.9202581664791
71.73069985908246 31.291263196349504
88.48349548127018 65.1352283783189
11.341194413704535 46.99303248742181
44.48016707111611 33.82798563529876
98.75859783138172 79.53756471109503
45.80047810738586 97.45708354823564
4.879565869510816 44.260602783670535
37.903642356553036 50.400104890764396
3.20242633591179 71.78787186561036
6.82964856952627 76.01077369646714
15.79806684698145 89.22262252621181
62.736197945969465 41.30828254590011
79.10974058832856 45.32968956979092
74.17425930938965 10.09094167235245
10.566225971451171 3.400765407846329
72.80745843138017 88.83265541499901
41.46555090629804 45.11450487689923
59.315625806833395 28.41218097218666
44.18406779310794 51.458932947294315
80.38304629184577 66.54147981465694
22.488328870154227 52.66260112848632
13.957068305589782 10.70091828295594
52.57493343461482 68.08477476113654
95.3728872881207 29.45543051106566
59.43605281258034 89.14390746718595
40.47551034733714 41.217245916709125
88.24614027662162 93.61751450598427
73.53000837014035 63.8370996040331
83.68786942390751 18.025485882516424
47.496376931491326 15.847295590491129
21.483064359547544 56.31277250418655
52.15543757336479 40.74641588396407
45.86702611819281 97.67631197153356
41.60739972782491 59.40680945428507
54.34231597928066 64.13494083834507
76.82483214380156 42.50251036535316
36.77068894463213 59.319940403599055
71.22697439445291 34.79649311636571
19.70960035081403 93.9678071433517
47.65245852382809 56.19273735715249
88.87225226069559 10.725703075469116
63.64267221288622 50.649835625775786
62.68791072066426 91.13397915592805
38.6081526738108 53.36941924187493
68.16181083089573 91.02904957241876
21.235550347633502 99.11395061394707
26.581656977963743 17.113808485556714
68.40287616600223 0.07496546420932004
91.09037002019545 27.071684627129635
67.90587411792347 80.40412579035208
90.7423793802459 8.354369392074034
26.4585240928618 66.33598829024643
26.383450589863067 66.65207270397933
61.71588441315765 95.77266107124034
32.54164224817641 34.0591798579426
82.47754583704321 29.267038270943736
66.48969729239408 89.07699643795664
14.765225874839338 15.532647518616294
10.736772891469016 65.84923489657687
33.128093604780574 88.92457228517337
78.43013510731978 18.40475619217623
86.31467568211188 53.77730536647376
