0
17.95941925268525 7.012366652510793
9.56699994657458 9.066056502911419
17.327587058336597 8.1559895580784
0.3019897103988578 1.4222250043726103
5.688030777289139 1.7832944061435474
5.4601883142848635 10.8143648595426
2.096603292898074 11.347107433932479
9.540853517287415 12.584064669740009
12.16460438452875 9.432110679912117
14.49611321044953 4.70975978859669
16.62807463677849 8.672335776925305
18.59849817761467 3.540669511568224
6.0447308263941935 2.8388117543109015
18.770414414234818 5.582545618813912
3.5576345408152465 5.76398934763624
7.933771639823208 18.01161549355212
8.309210032508883 3.445360863097857
14.895033015849773 6.081400503778063
18.358755782394226 2.9714480997794523
15.862974320629933 1.700357672727042
13.85114004669334 10.839142524689485
13.903473208784721 4.196585901042871
18.70388372660113 2.782138275986714
15.467683244571127 1.6491070733671664
12.224377708177956 17.405996496587864
11.586973013007 9.153523775623134
10.838509879215628 16.72615162018893
15.41004923791644 19.003133303840865
4.506503943647959 8.130955883685985
17.46470705366307 7.004854379911785
12.421310141322671 14.342635470334223
15.358688103579649 19.012612809282793
18.229414689880763 10.62481847615176
15.591149362713585 12.24910690809943
16.2834689715656 1.7860725625946738
11.728293334670825 7.100154350354191
7.330665097752571 5.45466973826096
15.403717688922836 16.804110331283866
4.560324445639825 2.6505819696950117
14.436095912677743 4.822121153916283
9.078689974525345 11.856488461030368
15.81382445240851 12.663259873033955
7.648446627366625 18.59035836538762
0.3782899562360931 4.551877600597944
14.925026178040016 8.907954245079392
10.744466408997638 9.562773435141168
7.4412831978645695 12.31438178276523
14.329560346300777 6.713084514442524
17.23666155885485 17.23959035976896
9.31746698472377 13.988057754659879
9.296495336982545 0.5335202738420919
12.968827368387487 8.391168684440755
18.861636610989642 11.362356227662659
8.89350468681575 0.8473124924936459
12.18810573357131 9.438147356293742
12.734336898104699 17.151090832146323
17.481023576326265 17.689821739254416
4.168047064942786 14.140492779686626
11.496587530210467 10.284405446471258
7.211223836632305 8.889538102215816
1.7004051400127351 18.33304971694836
0.5263231820313563 17.951762146967663
13.89001742007224 17.667233737313104
4.754667338588967 13.549663948965122
0.8339826773276937 5.746304279108669
4.860447362896084 4.093553830508771
8.7494185722951 18.058290677189127
2.051771648420526 17.526502240842074
15.33443544429451 18.301714850432198
12.051832097383326 7.7303677600855885
5.59141794465317 1.1868941276597367
14.325287958507717 16.591182181197695
19.821656053141826 11.87102385126292
10.322005399467052 7.310431504402787
11.941341424720234 11.842101756592719
7.8823103600674465 18.162065651849424
15.66348943635267 7.4925348480906635
13.654962303357024 10.133346966342314
11.109875381627825 4.674062642236088
5.711064429289731 16.750930746598073
15.061596915108629 0.20139411523647954
14.494176973929797 9.881846185514274
4.326417920604602 9.572758323352684
1.8289210727497207 11.412335171132392
3.5955730229060956 19.10132551921087
14.917393340625251 7.445785640460572
6.682242610943603 0.20226233386395398
5.084749257153716 19.02427180258898
13.17844191555746 13.755944672201533
19.49232862973449 11.366501960856244
11.336602896967818 3.268644056700871
18.118748443097275 2.2282532144452105
2.3766492464368794 6.97778314402445
18.01640576707097 19.22965233258252
1.438902197814822 11.09963714362432
2.1828664502788353 15.856942973442488
6.047688706147389 19.09313452289191
11.343649472985476 6.334667423399781
14.220048815902583 5.114202061003139
3.5249478951837565 0.6774590403235203
