0
4.921045416286683 19.498735043129326
14.64849838592979 15.391001365976338
11.680954179401006 8.027353815644904
1.1677499502994793 16.055416833900697
4.975442084955642 1.2783743705370765
8.623870619043998 9.6321429910697
4.011708733339918 3.015808320558253
2.95454060623205 8.391681366697707
11.14477880061145 2.9487416501971153
17.90206660676735 2.8006638325165634
2.472314302579688 5.655411108408179
1.4226400617910628 15.948256741328294
17.950318360836135 2.687379822119156
17.070897538600434 7.146625047765243
0.38093089811288117 8.791932587919863
0.4238674632398953 15.497083687569939
2.955539240925058 18.05406855992216
1.2529197407856563 1.8893427547884456
0.9934666389517144 1.24778022662984
8.421871314101 16.202035082633458
5.098523162222879 1.7995582178528902
16.383925949278947 5.398497021207693
0.1627477341368433 14.505367237252553
9.669663144877429 7.762550745412968
7.478685940636032 8.505604207604172
14.902814008438163 8.694823922343307
5.678593540027926 4.010840811399515
18.65010222207969 4.290915581367489
10.300979321978009 10.884424603519188
13.805958113007545 10.348509834618207
1.4919281620753821 6.426301826198495
17.23243544075303 6.501303112935874
4.680691883332651 9.565706233459622
17.019206891413944 17.85341674199266
10.026046435710327 19.158628950379764
18.99803268001617 9.788714849542968
3.011964041104731 5.199284289098105
9.040633596965822 5.555265023427256
10.778165010493982 13.493045184852935
10.188433239700636 10.775932912738702
6.603155526744242 6.701623544133486
11.8071604697965 4.211891621203567
18.414383375709352 17.659541701492362
1.7288339518469464 9.906620095818322
16.282179327732404 14.474218912620314
1.738190731781415 2.263718253738398
8.561174673688797 11.160290607655368
11.780139800553291 12.662684624453862
16.674931961153916 2.42204745922463
8.90936178360886 3.892545337546973
4.496536652489889 16.6861667155576
3.272704812712266 16.98403709216249
9.859947637500143 7.600194809003861
5.309554109315322 13.94680374879347
2.9439263295035523 0.9505083049021379
5.874889566560954 19.468865926850217
19.102392919994315 1.3167789788145812
14.134275268917783 4.811386496583639
2.172100819991354 0.7682359148053197
16.8495527987787 17.932556329059114
8.370535844582754 0.5202997933523346
17.068545884861813 5.300184242799213
0.6039940116121034 15.708461686613324
0.2516131428126456 12.90337590891279
8.337810129196694 3.2995328846137917
1.5124149005332965 16.649451956035296
19.13774900573721 13.648704866385422
8.919798032130542 15.633050919306896
4.57359875167395 17.32410373935442
14.702223416960432 5.690129293335911
5.383034963533646 0.5588485218352712
18.715704923233222 15.200364806001298
8.625864230467567 15.053855577925484
16.68074662112798 10.277243338393387
3.0157725989507433 10.842955913726902
9.463306028229386 2.285894180475654
17.69875063258869 14.545143101796523
9.069339817552963 17.05451465077909
14.454390847113563 19.567069506576097
12.04201470825933 12.196015873355893
13.628278831458033 9.682175280878635
1.5952083907890158 16.632292423650476
10.060745357758387 2.901129089058909
6.086442184372864 14.714305389679845
16.85926406242659 18.66153102231612
3.3269323298685483 6.256948496187138
2.068816126806643 18.10311723682846
17.74596852860092 3.3584519301475524
16.126578937767764 4.557974915175258
10.571364695315106 15.049847226515688
