0
11.016373537447597 16.021722845841982
10.383085989868423 4.001040096348289
2.560753062858643 5.233645811187184
10.899821405507918 9.049022855139574
0.7066038607292402 14.555078178205406
1.503839580910804 1.3877101459382302
3.1791058550134887 3.478779265347718
3.059518678097868 3.2488414300051605
1.8459980592935277 8.410729850398049
4.345816435233532 18.08737778064987
19.515241777794643 2.190368214104641
7.234297500654923 3.775454208350788
15.565099303985752 12.000889328069535
1.388362332239741 19.789725339716608
3.9765748165282955 9.57646920418901
10.266504261095799 19.65248844842154
12.670197377240822 17.476556556806084
15.856977978818406 2.5627318256387976
4.006152183671263 15.685651054432242
10.840764578118108 1.4540569467929942
12.888800718998317 3.910278244720502
3.7742729438542244 8.642181758569352
1.1236606573421648 16.683138173399055
15.40273594449878 4.775541466208264
14.506952753965843 0.7477047075401333
12.35979466686464 1.978253667701182
2.5848376552016483 7.184813196198956
8.27829579607487 17.875520999506147
0.2515216970030708 4.356071949080995
1.731858552413168 3.617314538642169
13.862416426718514 1.9772075877682727
15.44629686676166 16.066961540124115
9.07058416720786 11.497730062060755
11.864511196918405 11.99704422608318
5.1517309470624895 13.45160178186324
6.4180116316791285 10.435804667768124
12.665029572302677 18.55684804940587
1.7527362192189955 18.233013915570602
10.104102594091556 16.080363652067724
3.6763906951960035 3.4650699806052154
12.224511107332365 0.3474151079242582
12.739044725291944 11.474844878863177
19.84113553277908 14.263646735044544
14.12826065125276 9.142602275071622
6.320866305957937 7.330667431417566
12.954563901798053 14.410074735928402
1.503043931629926 14.874575065182931
2.0225867198075487 0.28058372005872123
17.51213403143873 5.070064598417869
4.827755487050666 13.993849570442826
11.384139872581777 10.831040362207876
7.787924643685233 9.574941181511498
14.410293974831465 4.751936405984245
2.613881041348547 17.482574625281206
6.10860314178985 7.022233215497524
2.2421867026386266 0.2827699872831656
9.765845563720532 18.59993181433629
11.89835008660584 8.849643563986563
9.79965773947775 4.9180395201039335
10.627848862099485 17.79590026496707
0.27236769720405896 19.011391012771576
8.02706639809221 5.661372617206764
8.595285385960958 7.189418890840225
5.925719294068452 13.088730569816603
18.794162650393453 5.243764076005499
15.416903004786452 1.4912666036354572
4.663592666387036 8.667897054487447
15.900399012911762 17.218454190416168
14.720131077580543 6.479207801204964
14.699427886679237 3.9507367369436786
8.07096581658935 4.97229475793711
13.33055650264161 5.755805680434598
3.146985182620372 15.095475999215688
9.651007796284393 3.4144021256231127
9.706129345563559 15.130814612498217
3.877140670948731 7.4244448084853865
8.594937597952189 8.971239449614508
10.862413235775675 12.51809383414609
3.4632417519056102 19.526621078171754
11.042659221970494 0.5771112858779648
13.95898123644531 6.653948259889157
18.101050675903974 1.5076896870729795
10.887146764894663 19.495022342134522
2.674645739981756 4.936673871783757
10.398896018364752 4.218375073550997
8.318946985262805 19.51690598608104
6.483909940292618 9.900398086920294
8.466442426980183 1.1801915693819698
8.871094310376172 7.643949632308997
1.2596102189060843 16.852164933813846
6.899760084624944 1.020981455505383
2.9084216373416694 15.944123774542284
19.00544351208241 19.539024180191774
19.616892777967344 8.362672428187244
12.171569361328006 11.069631609194408
13.142771215366608 14.82880336531916
6.030178670092492 4.040183940036259
5.698981536319225 2.973821593783852
12.251984548981834 15.678715467314525
16.174969908136504 10.980303484338785
1.448040723894748 18.714729782265998
1.5506393067946367 9.462054180774665
17.012348818443172 5.677226232928875
14.895077412466813 1.8278234762475054
8.166756690801972 7.2944650487595
4.486825670275518 13.54930071142945
12.9265260520629 9.488263701076743
7.361963987271025 11.554715046548035
5.786993072903526 12.068901283767833
14.990814238601637 6.395125395178356
14.638760366280163 1.474999930437706
8.803602849017377 1.8812799154450865
6.750903114629089 9.76601408962382
18.92994435838328 9.564703993855455
4.618695228741039 2.563258404171158
10.786555496999576 18.737452731457783
19.054396660661524 19.748675035072953
11.042118515217485 6.550750376285361
19.10667395338645 4.468826833561305
7.007767374650089 7.403510800221689
16.22625428588482 18.3548802541439
11.646180018124557 15.927531715761043
3.552448795877805 13.857632475277171
0.16180654681482665 13.696917985738517
0.2772116158840543 18.209901812400332
13.52929041934317 6.215081960097859
5.750423860072029 17.766904139191205
9.336663246252526 13.783443892461516
8.322141619159325 16.338491866223563
0.9644378220337546 17.531747716359053
19.724554716577874 16.615445138206027
2.3912437143357423 0.19066821867198547
18.578455276140964 19.755255112143185
7.811191209691682 0.2631906340641398
19.616033371372154 16.131142400114264
2.7676721659033188 16.60200766424466
16.443850343319014 3.4113262573877856
6.652837761272838 4.775966570895454
3.6268798463800622 14.523837930091855
5.191538922601088 19.009383478896012
6.356526680423227 16.175466369545212
5.923018136821492 5.403813522329757
1.4725682649402083 6.231684416582799
19.71320750157947 5.802658540351366
0.2910033723962756 3.9277099191212206
16.974988501964376 18.534767258105685
13.296808555046852 8.569114000396347
8.54331527661762 4.373963687652629
17.542650004620334 13.343686654687257
18.046639028210482 10.12723143154746
1.401614792533894 2.604543638902259
5.135585117902776 6.815043540146977
19.654069558313857 13.347740140628161
7.074384673410233 4.583131088433703
16.945779061918877 4.595940273692342
9.97007890224416 12.28574614673831
0.9364478177561786 12.012971716540546
0.3090584263483698 16.106268443816308
9.964881112013494 9.312373554930623
2.490014621286767 18.631778202279964
10.53899915666451 12.886333049397134
18.686933995695163 7.47400732028082
15.915952236984038 11.569678883725512
13.645272764098099 10.82985241086459
18.619636261367976 19.566891418167817
8.908999335605092 6.300418974133168
16.949926491188943 17.308357780688254
8.495717426983378 18.838355736435528
8.369980694093044 2.3653961174191784
11.18160605103671 13.868999758761767
1.1149978174883857 0.5418396831155681
13.327457677890697 2.431655732744009
19.447847367434633 5.873266096269689
10.571620098396359 6.613099461135896
7.694011577993198 7.503227857623978
6.735171200994616 5.596178908482892
13.520325048733637 1.2691276662571704
13.92920463603229 15.322178956327992
11.879012792238354 14.318659938173068
19.12361947410992 8.066377872586493
17.620574193517857 12.191026119786022
19.33134717814841 12.152021859917696
6.986078230643729 9.535402945084554
10.081476653535644 6.578718384306557
6.021475104574703 8.002436963466945
9.999270400326079 0.517025230664574
7.413558691560933 17.832808675634404
18.08059799171407 3.421807374390675
6.329243096452714 3.280198074819314
9.642839793304475 7.942697728597635
0.5468507121535304 6.244258411533254
1.9538516014324658 4.860792018891913
0.500139936669981 7.352494894148154
1.1851028938479669 6.95648715166474
0.8128292568158146 19.21821553230336
18.60464311724261 17.014145418506324
16.4834088232509 12.715014446636301
15.820075822548446 14.095061434753278
4.08706286855161 13.846516320971816
6.401249468233643 11.76097596851286
11.193551590044958 16.153404329777217
4.35691081430972 2.1061729318405997
5.65693820765838 11.588023958587637
8.709096230216478 0.2569743330846319
10.51507793264637 11.400149033921924
7.80356300455936 5.4232233595630985
9.943812929940645 7.815763029972169
17.014099986861787 16.637132873871852
17.04285056177465 17.154000178100397
9.143086133621594 3.9906629482527056
5.187335302692118 5.515672203197424
18.090195117676895 19.483353085753134
1.2611520536214527 9.290077946274064
13.255677667470776 15.518343413903853
1.2950377387532286 4.465088679911551
14.664181194513242 3.6350730584348656
16.86459447280314 11.088771514494692
6.939604040380343 11.24294890938814
14.06034667019698 2.2190959695299073
14.031005189083336 19.77103752034108
5.924002454807558 0.3115636517416287
15.98412517658226 15.274635148204192
3.9521181771239577 8.232856780049627
4.0726100538188525 5.390333691788449
4.600390972586153 16.951907135901187
1.2475473573241436 12.606996239719999
2.6788392599220545 17.448057959146155
1.1334738623267993 11.620823401504266
5.110163556796681 0.4892675878356467
0.6935273157293609 15.868488684137127
5.730604915529773 14.671593003599968
19.205960491950997 3.683087391913007
14.644656813707602 10.474472434946184
9.338754986719568 5.893433407238621
14.102010757047076 6.074601769142953
14.878613038241536 7.338018078702264
16.947155669164943 9.274481948281812
14.065134069114674 6.190724240068722
13.399072082290704 19.14000318057388
7.500508112618789 7.046174156896214
7.250502947458511 10.804704928263153
5.249596618854806 16.3883653627339
3.533305703370817 17.386631782547358
19.014803256115993 2.3670334679589944
16.278431140755306 4.076994205571161
12.164660846681276 14.731965670438543
17.206093936547838 1.1981158680366266
2.9145966635682408 15.326258563237511
4.01374072299512 5.391436336630915
14.102873554627513 4.7153112398402826
10.386454398459277 11.084615624466842
16.77422593770221 6.329107950998882
8.936445860370377 18.000069021112854
4.178250109947273 5.92114370482665
12.985347375939185 14.705546666555374
17.809132965109974 1.1981126777785334
3.435018875830944 3.070642856055801
7.757841916936989 14.150268849041927
12.92963770999757 3.981415293471182
5.917417312224414 16.91314840007349
11.09385446874763 10.778561103045739
2.4765578453362447 0.9171203930452654
11.838841024031401 13.622891286384696
3.656203296128664 18.632021554015598
6.560079235722207 5.355115722182369
11.788360784078105 7.389902538370848
15.507778538403505 17.405239666637033
7.605949535816412 5.569701716210185
3.6928327090840773 2.920148431884295
9.006967120177835 12.853440567707942
7.398265682101068 3.51624184995992
10.575817943096794 8.314318018316815
2.6981426278408116 5.927259965648048
13.789170460543351 2.772856953995513
18.3429562104126 15.305724487731357
19.103237962306537 5.1580494733835085
11.95252348884332 3.049694049637539
8.01392261190232 6.5362083871253285
10.664473148811188 8.764828665872539
15.700778696686273 10.021036464242572
5.2184167715961145 8.335018527161179
3.010287027153169 19.804195359595386
19.76294514273903 3.063136113243341
0.3034687538972447 9.546427307736998
19.80460769592629 18.456731495017745
15.087395200137554 12.595086425330095
2.425077894353338 5.471786431246395
10.369672425221786 11.944699513049319
7.424730498442353 11.8909174109656
11.319530902896302 5.032962961556217
1.9078823951724821 17.000700655392567
4.088658603656723 15.165369200867067
10.307001110310136 18.84607373572738
12.53946574386058 6.087424908823234
13.250186506438597 10.078046203619131
16.14798759573202 6.974220702064504
8.508291457450987 15.77424037035376
5.4931731762145475 5.13287538899772
6.765055917472247 14.600058075078605
0.5138309236032712 14.514177402226993
18.885675474004394 3.29154991916097
1.1090404115676944 19.55550932812439
1.0662470105218835 13.679351801224424
19.677360746144533 5.927939741221575
19.57857133196157 11.336327313775413
0.8347126697420815 2.4361327756684537
17.781819599534643 15.419841671806845
4.820325336694564 11.620518139662648
14.654604762405583 0.3928653221619238
17.994684600452757 0.5369384940668143
16.308029836177 12.046401376733042
16.352941434730127 17.739779161884158
19.772314842020798 12.608995686483881
6.121773158674941 17.67035840062665
11.806634379775733 2.7173813314628337
19.277225720572265 9.453140286859318
14.563835911992316 11.635586436985301
11.215587514534286 3.5281245451750154
4.648727763635396 1.348114015441113
12.828887438714103 6.598525785226492
12.44067089348203 15.016087956963705
9.881129534455777 13.048659354509564
14.508232878531897 15.773532767109335
18.850916786839928 19.287720116943483
3.5256868355814475 7.954251342478118
0.300645927837222 6.400919823508337
17.308183940196955 9.578022102963683
18.35198111234602 16.040237755228176
11.414454665450355 12.288146847267459
17.991855314181638 4.6628201092389965
8.222908599559563 2.920633795887344
10.7027657686072 2.0258319932279267
9.469064721599556 9.498605509488794
13.305679202569944 1.2723662976337091
18.93924722145477 13.683786631212918
14.923375100066679 9.99377788134127
7.34752975822558 1.5802110056926844
12.616599095327011 14.329611258781243
2.3799319348082904 5.273579456382431
17.51492638507959 11.467041867856365
3.4719157932406164 18.602961997424465
10.15876468444886 9.827573344180419
3.0922451515791116 12.399838869928026
16.288457122971035 0.7794713536788356
4.138316213195954 6.7927387213912045
2.4609820581667097 10.89022997125031
16.50508954520007 1.1640295265130973
14.644270298600318 9.534127611661043
14.971794159546093 15.958686488991013
2.3336995846466313 13.095718076524062
5.257589632833417 4.7831485527685285
5.754846802577349 14.06088529752747
15.42942604381041 10.095655061550822
14.361124115490767 10.962864254739005
5.802350842705257 1.2777357759541208
11.104443530946783 3.4514236420359823
12.054559146139018 9.989807312127395
18.851588305282803 5.67917045577385
3.486503512404917 4.452114256634108
2.838510663822611 0.7497377667760707
11.185420764199632 1.6555270505093644
16.19929260013528 9.148379695773412
19.313655464238884 4.494997446756781
4.376045007661052 14.876290593883867
16.82119559218238 9.431752088262026
8.610553867352298 4.435745419237424
16.589873599979597 19.528579699501357
8.738007685248048 5.863931556900848
4.348697024922073 17.565857205046335
1.1476760235266115 7.689133885797119
0.6568302310393981 4.434238852689861
19.044934233960102 10.983710778694686
5.832762030945043 9.113206983577689
9.043575378242704 1.614078301072912
9.915227284840817 8.282976105789029
0.6368560086431874 4.338708218146623
7.573491564149815 15.98051107207139
3.2402839483202084 15.580915406441395
1.3416297820768452 16.698714610731077
19.26866199274978 7.504006600535444
5.63345975042941 18.941102586598472
11.104450197735922 12.442126078325607
18.70183528568901 0.48258840407759074
4.834026321578062 13.790931954659168
10.038019630397377 1.4502622284207134
14.272971932052778 7.1380060324767864
16.66389894433959 16.82633788534898
5.071023915730784 13.713685952264537
13.351830631676316 6.088722984831707
10.58187886534315 7.168792505198349
19.01394127824056 14.442947194334083
18.702560571719115 14.236497300092543
4.334730634527819 7.462465620609002
12.031591094772958 10.011370175759657
14.177865929707899 18.942635668888812
2.4647433350960735 9.37941295284298
12.380077953294201 0.38694385191771374
15.74168038856544 17.558680860845833
16.252110502990305 19.782344845514505
11.476314671824232 4.760860420679753
13.438692504930213 7.183855817269933
9.84826067152278 12.659967248836919
4.7465542884738054 5.116826776725604
17.40227611425065 3.6551000024290348
13.131512993433285 12.918589859532633
1.2971258221392556 7.839967903193639
1.242710615171334 15.879477362671475
13.864827132567928 7.142696578964198
7.7541022126711034 2.4064697272503266
17.48576965914601 1.2751927596618429
6.170325689447845 15.421025984451601
3.55474118284405 5.932130542987748
8.876124597984031 17.81592199386874
18.707402506230835 0.25540633035084126
3.905512706971257 16.034211576532353
6.496310791975977 6.430682417087339
2.238916655167087 0.6966948264392525
3.350099957831112 16.1584378556197
9.393543542874628 8.69257386006312
13.918976329080682 18.64270224261419
16.6542784205225 7.26124687907687
12.804199575847786 4.166449342117023
14.499420399620604 7.331475122350386
17.188773750945654 18.473403506667484
3.6076135841332913 10.747440360134688
8.031076520818562 17.551781472966375
17.28936238354049 3.999490353995956
6.252718802273211 2.0162958189768188
13.268536148247767 9.690652429007617
14.746420850944011 1.8605043051293202
2.4463191077377933 16.208275019481746
17.04925923305032 14.402386122188364
17.612075574261983 5.933438226470273
19.171141085005353 10.921801531623295
6.022644951224114 12.809054084160245
12.33791117267379 0.7892723331015605
16.353602313503686 1.2008681881236782
1.3030204878580065 15.811304941825162
2.7330572478480475 9.723838146165972
5.401216736592147 12.068254579002001
6.400597181642915 6.069662663054485
17.66225141959769 1.6965136689904714
18.991000859014125 11.859506868939974
1.0721322995715399 2.8675901618115662
0.5243949655945856 0.1592508086180766
10.463967203537374 12.642415305254085
19.741547023112464 2.5328770367768105
13.53999240896242 4.43001339088787
5.955019613262187 7.372880210716346
5.170906837869936 9.455436767719714
3.3439508728070466 6.7348812729829195
5.388152066551781 19.79265193062381
18.602243928185317 15.01689511077318
3.37932768481801 10.643854363867785
19.55699148978979 19.561983832764152
17.316450415226775 14.897455290249548
13.60599037438216 10.626321162672568
2.991296842785942 11.57277797587893
19.080219037159956 16.14295697723395
3.0016124171143965 0.21027261541743822
17.91920874467015 15.324867001270162
2.626482742814662 1.8918470077412297
17.60423835246572 4.3891447876948275
8.548712932971544 9.626691683681862
15.626344466535427 17.54747890661545
12.226575737703403 6.313749587471351
10.723146239998393 6.896337777572963
0.9868330515236212 2.1427755183964514
1.700528977497524 15.953566743110825
16.80545997015715 18.821701625236486
16.86225676275941 3.3263829259844457
15.262029949282145 16.768811950407784
4.902616523864312 5.359031348268637
5.298261563033475 5.384004819299433
11.574230133562775 9.59665681164969
14.180743424016972 2.4642109029402115
5.525192109301149 4.51521259337375
1.4623988453146919 15.25380873667957
1.4067393566814435 15.205523639913922
0.7567727503774058 2.671664282016135
18.684673009958292 9.562889631817216
18.783760997983457 5.9322030639978856
10.544791262581722 5.02190539455545
7.414936122990126 3.078701608678618
18.86463200984759 1.9894515143273428
6.341136512091083 11.872767688596134
18.430832063840544 16.867087844290587
11.50455035884174 15.034762980883245
6.413469094549262 4.91737043192177
17.582019482324384 12.00569791371328
11.565762270428392 11.216887996529154
11.57584804165706 12.201912517548033
1.6995488790920987 6.552095020748803
18.962918853650578 16.159638875308534
17.693983194837294 14.352307473347528
3.8724559220010035 3.017321770243797
17.626936617564 14.617494648537097
0.4072940249861867 15.459349593557993
15.575602716457285 1.2867987433376848
3.4930679980809565 6.545644615886048
6.214855881749046 10.606978524321276
14.534239692295191 6.777318954696927
18.54892387678529 9.798266747148194
19.6754300874317 4.299409390620481
19.793988984430655 17.678409673314896
16.611053318840415 6.317465530128741
15.086340845625951 1.8939297211318262
19.655765291146214 5.60555558971604
13.572751132272483 1.0209476023762987
2.1827990252850804 12.40904039922887
14.546769257135399 14.03616995255434
0.5567596940318942 9.096233890111838
17.12665744676565 4.52193627067177
4.3320026284730195 2.588861455497542
11.327735306855935 2.4574948435120514
13.7572455999709 7.902004718047342
15.76391368914232 12.561967763714412
17.52159445280508 15.05000029964062
5.620245989232657 14.892732311490231
11.19669106603972 11.125547710922817
17.22034878466299 10.766243798812795
19.824233003912482 9.53505213638341
3.9695694861198794 5.056589397371778
8.067633481701556 19.174021021109713
12.536823707467724 4.54036084074785
11.541129257788555 7.752108735515375
7.845046148617527 11.194696469700515
1.3491759404045278 15.528181469753491
0.7722290099459239 19.218645575072017
9.01349556537124 18.39156293681968
3.422062211989152 5.03626455490404
8.63467506019106 2.526400474975039
13.40521017717479 10.653163388605275
5.829750995678394 16.821866100489995
10.77930206664178 2.476475053036602
16.706739149663022 13.741699428500201
19.127732643346178 0.221524071324649
8.131600113942445 14.542369217862717
15.714411373930886 12.316734584153398
14.312671187360797 0.5299232028578693
14.733621925441822 12.03161409474437
4.122114484649131 18.471364166683774
12.381192065177062 4.390915267958009
8.593471487587463 15.327184254861264
12.8051965225294 19.301375955692983
8.678941495519032 5.147460147074961
9.951456595274546 3.405704092126054
9.619532583585176 19.274699732803143
1.9011232244866028 3.4917625994800527
10.175765769023062 19.772411335384135
1.504665022475542 19.823192549794456
12.486147608594298 6.749142877208678
19.798617693932048 5.270988156416876
11.465147012412665 16.223526470747444
18.348470348579543 14.113823198073625
11.42195889424954 4.3766408083315
6.543115643833504 2.988206432950853
1.9758573376816146 14.963783713116939
17.973296138146456 15.707826851269381
5.3634703020177525 7.108537457039277
4.8585385176535345 3.534733175971536
2.8778515881949995 9.177774484035963
18.844073192067192 2.9732663156138206
19.448747175911073 18.937050901053695
8.871283911886191 14.270949064977698
12.267982229508155 3.9616021621130515
0.23226093323830632 15.548822614366175
11.883436223865171 10.828944906272435
16.601055558136586 9.846993341187279
2.329597556517493 6.794863367790301
10.291272978105347 15.359436182815752
0.6322195302614575 13.455348852521299
15.071668618026571 12.745387859500203
5.419137605686712 8.322831897904058
10.578440151413702 17.64293764094353
9.388833069832119 7.2958382438717955
7.694950621508028 11.373707283848821
11.032859222921294 18.676971405506116
10.226629970896743 18.315792097168597
17.27778076373897 17.694913112116218
19.78085994378709 4.535422545858918
0.6068113813572817 9.411908657360694
7.968647365578237 9.00607356053095
1.7408543314973302 7.448992324988408
2.876953029288396 6.107044761250158
12.1031908585328 16.136980500575064
5.217547724359342 16.081806676770356
9.061599069244302 4.50204963382808
3.6403206187350956 8.749691508492528
11.336194449825099 1.9204906921158948
18.405979736998177 5.0027913225714515
11.98084221552195 7.328018561985257
7.945121654576191 10.483202813159227
11.990503043027974 6.544793447959492
3.78768748502458 16.32404116395872
18.856410176994846 15.578088839418827
15.928833779732464 12.95093097766677
11.285515668103304 11.690334352198295
12.904296844290212 4.678955140378598
3.8201594709111264 18.57102103775095
8.680354320299031 5.203329066645301
13.238460353319734 17.12676980418862
1.9205086531508941 17.070353129463943
12.385449593877505 19.20460404838227
12.273069624094415 11.828462932688007
16.479506607334706 7.989293408887801
3.0308241550161563 11.797497287215563
1.9581786504438448 15.866378630662572
9.846020536218154 9.257570847664532
8.572007103490941 18.218290637477352
11.140932470831874 4.347223613073455
1.7045080139167856 9.9217556960354
17.436287098913226 19.073801733823373
13.790986978384343 0.24044852429253583
4.026877712615535 11.577310748042093
1.2284023663276766 11.357651214046726
4.265721597999801 12.152245778066943
6.313015622543292 15.969446942561397
19.17513474855195 10.520210704354065
2.5121100488697934 0.1597626808459207
3.1851505099792354 2.4593933410074698
5.77057594800928 9.204354499683376
15.506719724430845 13.13526480954608
14.572705450370123 6.001614251475509
1.9791731309702842 14.340140861570616
17.12406198734538 4.503852465306661
13.18845794443481 3.3375306065129173
15.287823282493893 13.823495327566368
11.234679676750623 12.120472367185997
1.8045300906636341 2.6144182665963056
9.734534172977785 7.6313476117733225
9.843704532096183 7.879414188305207
9.476215890007612 5.853936333412772
12.080324293396693 7.530582576220715
15.601452877985757 15.676760669967663
0.2586861745929325 11.8301969697206
11.271318583199136 12.040049930306553
5.600705740764738 5.265399425063948
17.479529752029496 12.116932830134848
5.4352492233593175 7.460851344980275
9.008946917954228 13.142750846410662
2.0696074867210745 19.40923814978503
2.4840436708287816 5.994667524869639
16.19376450059677 19.60032655185042
4.054132806333053 4.737022022155406
9.0026438082694 13.555037054266561
1.449168488387016 9.086169444710455
14.74104250903796 19.821786586812276
7.981979556212742 4.111817083140641
8.52049281973869 15.668133108503454
14.5278172555427 19.48016314380069
13.026832601383854 6.501530447161019
19.59413020896764 19.157406887702095
2.1317840611061056 4.4787990703122045
7.3005166220689315 11.730501004347882
9.44138095608607 3.8146754955240847
8.420828582234382 1.365278108480572
15.458611782104896 2.9756084628876023
10.596439091724257 19.760382129121123
8.307178400265494 7.245735890973
0.4117077279638437 11.76870321931321
9.857800380801187 9.077759048529263
2.2297226623033595 4.896305593872407
11.618025916808598 8.192221250874244
6.518416450586599 13.652110870014964
12.891046741690195 18.56447150627458
13.854192258057436 2.209887526537737
17.478535018352574 15.239371245387417
19.72222291683062 10.857377361474017
4.597063994844818 0.33959797707394435
11.139620980194614 11.74566291190626
4.697195742583888 14.684162762650434
12.259709131261761 15.515172822989234
1.5188539743645113 9.109557333256518
0.47264394370258866 15.712998757392665
7.986134368944596 17.88670966789675
5.599689497632882 14.029472522472147
5.439229470390345 5.55272840865531
0.38545870289026674 16.120245032030724
13.22068273332328 8.027177340417941
19.12447334958822 5.143376299173137
8.777713999968991 19.058419685267552
0.9154332295292344 8.129245394963265
7.211890032510144 3.8463408033017976
17.968599157379245 8.914344612403342
13.60194600248439 13.113547417877205
19.098746952330004 10.608334274558032
1.4450970578421174 2.9479138452656506
13.868162231289553 10.42698659631978
6.206705499185043 18.41514203362006
3.801188652854448 0.21194752983118903
14.237701812666524 12.240764091435159
13.673867055692137 7.0715224723250625
14.213696530025102 3.7868107646048266
8.0892404518897 0.3149647616459883
0.7692363040376504 18.09915170418956
16.380921753099777 13.216042447115775
18.14520474845154 19.827278585744782
12.344566465978481 1.1299187010070533
5.436886890541743 13.819107714004819
4.378904471027418 1.1006923455463435
14.424757377879637 16.419136160971405
6.325038497375015 12.335187208720416
15.989575741490638 6.9490811677538655
19.62472649259635 1.7819058711682256
11.757910423918618 16.02591552888018
3.3754165920634027 14.542296608217143
3.8937350443214935 14.07297660782495
0.4418142641066569 14.95481061436745
7.846286322776194 18.10562565824696
4.99081429591024 0.9304633597048606
0.3838898763150822 15.62371181457538
19.64863826975176 1.481935002529291
18.3879924333335 4.468861004872866
18.936072255041207 5.376494899829625
2.6511886790391226 8.305417474493312
9.719711989782787 17.456336606630614
15.317535357680425 8.809621309672304
19.1241650731302 18.40817948623297
9.622992036222655 17.702403491178394
5.6821878292151995 13.627281233862796
16.238367309055835 14.436957408589716
0.45676492267916036 17.30928363601248
11.786651391898967 18.653017922850683
1.4511722103042657 9.016594561790276
12.001184131342576 10.435576376876446
6.830091442337096 1.7042907227610016
4.510606141904939 15.966524902626425
0.3068862688469087 12.553812614403865
4.381096138888935 1.3335209273250093
15.509165009837183 10.950994403809613
19.315914791331757 3.0611235019565397
5.216800158989345 11.558257752956955
10.806806430979282 10.355059812259208
6.07359933009972 4.669085657755943
12.551356508630356 1.1012352345708853
19.70585801886657 10.896160670490948
18.094910846179843 1.336904297888939
7.138046404766321 12.73284635884484
15.925216235769138 6.212183800451974
14.977928605298844 11.640959682298035
12.142454359893858 9.385881351352097
19.050428183585385 6.0560796746211505
18.346888642066 17.350391339914033
3.991598202836324 3.064895268030192
15.530861517619224 15.356185910621416
15.771075563506404 4.497404071501466
13.531419296498672 2.407220012717568
8.193437388110043 6.79003011462126
9.994370193813184 4.224340642424417
14.135901436311016 3.2140300388137555
12.82011104454641 5.124579148981758
7.6118587018151445 16.926819917299984
5.706092378333287 12.439982727133739
3.7067291956963433 3.79215331949748
7.6703197758199 0.4004236575810327
10.014701130621301 5.028353415943496
4.334824872859844 14.330606522810797
15.411907427952073 1.482078542606673
11.26756384324212 10.562273028496445
19.83365502406922 3.6883963117807173
7.8257403047916485 2.6383883528826413
12.180331452088804 4.866208088889894
13.71307534335055 0.18687169742502174
12.558660219504247 7.611355008497693
9.858078211776347 3.2672146700427196
9.77199841024551 9.288017088135279
10.239911707030593 12.044116085804188
5.305400983884018 15.982292289556991
11.932960792914333 9.318038797774122
1.0082202995240075 10.370137011590828
6.910761621703488 11.743374896007275
19.259017581500906 4.965112812934138
11.04446693787751 4.490695697724694
1.6046203049737717 8.94967993401902
13.250561797127595 13.66032782585566
14.69716806023422 4.157053366303773
10.887075271901827 10.930296537065505
0.8100375699329954 3.7589195211965998
16.267054274499607 5.722445258889954
4.295558128221946 15.827590548472184
13.552616235394279 1.5963257985395507
5.05446472036799 13.179461264453474
15.312408092583539 15.631237223789684
15.419067796183795 0.7699024592165449
13.669845873264254 2.232570008901098
7.809144322498125 12.398023531491159
2.2390312852637595 6.099392242232932
17.101597276645325 19.592999596524976
1.9397761373134514 13.016002169557124
3.8619469512206206 17.291954355482556
16.302697173261546 11.680938381898864
12.417761262329716 3.2826605003164433
10.019876909991662 4.962745749704823
11.211159581819832 11.372610449076694
8.266107795167532 14.772541620474989
1.9495509457231575 11.859283616344314
13.71028499988753 11.169243964904323
8.780806535440494 17.114720832112738
13.156024848028867 3.364074880453387
9.051093647138408 4.96079613476903
16.395136658366024 17.966756860276135
3.1606270714495976 17.999863794841186
16.127088449446077 18.116580142146695
2.614632244503212 13.17872933995272
19.692154248361806 6.067318626784994
2.57383766861923 2.602179734468082
0.8854509621745521 1.3457452227907751
18.040851142954224 3.9755977986941815
13.263608234100168 16.77926947416093
1.2758032372666461 7.044443967460234
15.125349620452758 5.489025824803466
2.1166726165908423 1.0117007151421054
0.7417825895573493 3.370494041884433
2.5867394928310605 17.15262697281049
12.431744453994014 3.634534888101244
12.503647429249025 0.7094716037341442
3.7220646454203132 12.657494827889668
13.761574756336953 16.637066317712584
15.102144801829105 9.689822249950941
7.54006818600943 14.883501909968635
10.77679089962478 6.898411605775316
10.900095051351094 12.628374293577592
7.3407510609482145 0.7686757369666819
7.059928875265118 13.264364581344953
3.442965489894947 1.068130658373021
17.100496739569536 14.896206258899609
13.278035706987447 19.374059391160202
9.931851453470951 4.744360089035517
16.136984790514607 15.593589881079858
2.059472501792794 10.079016846146454
19.26888680464139 17.955325468084347
19.021112618154724 1.1733116476834349
11.949484384718247 9.627422539723469
16.32195743962282 17.252926794008843
4.922446240685641 13.417815461943107
9.277887001952148 12.532535859179106
1.2734426199899374 4.938049163633402
18.38365410109424 16.167825327009744
12.316755317466288 4.162977407976407
19.65484097632705 7.315109120310486
15.218657146670143 15.49435365316474
17.849470507142435 4.478835165144009
7.851345453169931 7.237130363212241
14.557192552680824 16.940560639500276
10.765726113960937 2.823063066125544
2.8509877469467937 5.301262254329398
16.190891246091162 18.166990947930636
5.528368738291873 8.032113147582825
9.612655639136134 2.2169571785762288
4.92608779178461 11.417159535513298
10.753051877293789 1.060098064338415
8.87438581856709 11.384596038357879
17.667217326431345 9.872033691951689
19.563864204910022 17.461623713972358
10.193629284753625 1.5482496317179617
19.780070661012633 1.451161113582331
17.138187435198553 6.031754734939456
5.617940585640668 16.41695479368419
15.342164464019096 0.152086411467669
9.670256410021503 5.176917770521669
8.178581788045395 14.216494720611838
11.791321362317348 1.7428046398773933
6.041096901210472 8.64494227472694
14.369074095152225 4.007620339919653
2.034022041857262 1.6163219127678796
3.3959040936561458 1.4704304765590503
2.341617881125526 16.994083320016408
14.010460856009153 17.90152783977502
12.64935322387526 10.72523391099467
7.589770293566067 15.589191950089798
19.509332096447928 3.4574714358518777
0.15301956843213338 5.172561253191514
18.68663727788053 17.29497359695102
0.2953882602884228 13.053405132408255
11.292863814255865 5.414164433961548
18.95234416760676 16.992888877491307
12.907648334110771 14.686547986557176
3.001847756151632 9.737681813173593
0.9085260491407188 13.506486410913963
0.19394411169844625 10.383054869080055
0.8739957890640171 9.69758025588388
2.654251525135769 13.66888578285636
4.194176929192706 16.672089851517843
6.9898866029582685 8.517785554567201
15.918000461780647 19.793615150250307
12.833394074365003 8.862818511803896
14.38539347608063 10.644037320348385
9.992288370776096 2.1755947421058752
2.3374443993290073 7.871504319033877
19.428841828874575 14.093772334809662
2.967083558215644 7.497022317610202
6.576774888570904 11.16030874537607
3.767325111515385 11.482997895177549
19.008555963618143 17.925063695224537
16.053662810959054 8.817860572958603
0.94903420963381 9.52264651027858
18.681737042717764 16.846665434630502
3.0881620382841124 16.32868500517421
10.750920114084664 10.078372396570618
