0
13.2054227870732 5.857387674166457
17.782007932435874 19.569110636687835
17.886704119843312 16.66010399366532
6.917086659139335 10.289633378967311
15.957200760988018 9.67223266296892
11.06134370928075 15.216994285499206
15.522063576332187 8.492842860168201
10.252424211546087 18.576839306271943
11.820117358433851 2.455312562237131
8.142276111698884 13.076034297118591
1.0918739729405935 18.63203931688381
8.298871772487374 17.744784253577087
13.583918762956253 12.269496710095261
7.383864614057831 10.144467242866838
11.173672089239338 10.537063824920539
9.528084448682677 10.803117008736463
11.68057846743801 15.586324038166175
3.121291385848892 1.6662754032606975
4.136780646951362 14.655830115329602
13.752157533133557 4.901713861340038
7.12239440112624 17.319589638417263
15.178973656568333 13.572309661054076
15.727504476992793 2.9658286373217835
3.981092537990969 11.492135950444071
1.7850600749472645 15.205856956547892
2.9356777065420125 6.006613675027466
16.725855384602482 4.151147768063781
13.183836418044967 4.4883520863101705
16.738829181620996 12.360020869196369
5.8947581856625275 13.016079006272376
5.876939044404661 5.743606141433977
10.40600714423446 4.004858096257625
14.330902102289153 6.8340395261694535
17.712649814769325 8.481555280782203
16.300122132570632 14.556122507855447
15.697431080032583 18.25031011017083
4.722156587389678 12.006971390843205
5.638736512745477 13.36854103678287
18.57910840856418 11.736443949388667
18.302623946556803 1.1548026867543992
2.581352106572967 6.6344301445317955
12.319722172840857 4.375580383695963
8.736049255205604 3.769362885515226
17.567335613852965 8.308913517414577
4.639924919985859 18.385592546868548
1.9216282803070661 9.058486501807685
14.292811876109354 15.755545928969214
11.014279924377899 18.79264098949957
3.8105106672879496 9.695877729448714
17.522545426074508 17.508522622966034
16.622529020102508 18.295095341292793
19.04118543234906 15.472359773044458
0.5723060132965929 19.763426607278937
1.7292566069878967 5.6626655446930485
12.794558349062243 4.303977025320291
0.6942821555097711 1.3439172854862491
17.326404507497386 1.517505398712533
17.470869649131878 10.324067267861675
5.115976063837597 17.09143088688417
19.97035113327015 14.500000221808286
6.424229074164169 17.386956723009156
10.922570237263736 0.9708548604969813
11.572727689287277 16.026493181610398
7.100466937945127 9.299891471382104
7.572180942129321 2.6968239053256804
3.5126315457803248 18.431378326398335
15.373559888040674 11.121757556944319
4.268553525550349 16.319746459954377
15.315640096935399 10.521278067752943
4.96579567952651 15.504044643991335
16.799864697675826 2.862494123473245
10.21787746340123 18.661510579151578
2.3054303588863667 16.820963652427253
4.336164559000011 19.599850585326813
15.56455335539891 8.609256990977261
3.198609798823644 7.198604208752524
9.049885212810713 9.69289746876086
0.9827090507605951 2.485751735577495
16.883091253930573 1.9021030305414666
6.709571814536441 2.336502209507918
15.855631516368272 11.561037059831946
2.4405377028887965 7.206982856147142
19.45981283181145 15.994545592638602
7.487301150420658 14.866328580304149
17.660219315097578 8.135654225036408
1.1410370155460026 7.266458816104125
8.592648090843849 7.945371157921786
0.19555189810788187 3.489595392624656
7.45972338469747 2.9696239806123192
6.934016410842407 18.139381218832156
2.5993793948702293 4.596441011508475
18.268364403044608 11.592208335233847
19.034440109379812 1.4397700105457667
17.364980113865872 6.201176819366355
5.768558603477761 16.76460547046061
15.359819721569517 10.84586515081626
4.675802485566381 12.981380018712823
12.660649423323456 5.146885259715129
6.038206324073525 12.975854096346541
6.853611934463146 4.214971532670113
8.61764654552159 5.404020560872196
7.375863693124725 14.980135181646329
0.6054196106292098 9.06982510125295
5.885558181890045 5.947200912199566
1.874942006416127 10.116775049164557
15.65498156620765 3.649817154529764
17.67001272376058 15.002805276747784
13.332174107763258 1.1258186819913174
9.19312356865698 2.0910331666286086
12.0609106329246 16.412593818819094
7.515316833405718 5.177337544686353
6.218436813625421 12.361902798649485
3.811139692292458 3.388951063053083
14.924888992440167 2.9993591100322425
1.1292604475466739 3.626566714303543
13.997866437343362 6.20457937302344
10.741349463874839 4.085711314732854
4.170142270098394 17.66378204643017
19.568862855737837 0.3814451638442451
17.15804204921119 16.84740087066583
4.269388405902765 19.413708128924412
10.562543294501442 12.19105305472921
2.271255665363159 0.3489273920472358
7.604685215932944 9.708994619863727
10.377131010005385 6.956779473999905
18.34140141452429 6.944961909547489
7.514365166420339 11.029273518606871
15.277433034555887 12.466099266302194
9.791873379187745 12.722615043362076
8.183497484136682 10.031428986211015
3.230377904323092 0.40058784770723
10.450423407001042 6.117124769318638
2.364861227102084 19.921459796968325
12.453502671127739 19.656617561515326
11.37511370285777 1.298724345670379
16.170822850923944 13.654347171307851
18.482291537047683 19.27924511777012
19.6938957765 9.757752587358661
14.056432242075697 3.6206721828031485
10.288414998192255 8.922880440758739
8.211904038955577 4.713265985811422
10.307506938827075 3.9847669663200147
14.624797284245915 0.6795563197279897
1.5293829079338384 13.244532299145881
3.888299896769185 3.1985348661878654
10.385814778305413 8.11090447938826
11.929125993754193 1.039373589851249
9.067402302360621 12.384681414773652
16.840101827326123 12.65293026657556
15.636120235434474 15.950402332066743
10.941043420759495 2.157588976453204
0.045175425054793106 11.44030030815471
13.96208633762978 6.669272001635697
2.3607219238815658 8.861379041792407
17.95067242571435 7.16371983762222
4.499529633468455 10.227237659174284
4.835411093300999 9.922446633433509
7.441218487639871 13.912051973998382
13.537081945780988 11.102030840366364
12.143206700032925 6.744901794980642
15.099064677831356 13.079703055237179
4.28106352709394 10.788410994817143
1.5165171747270967 7.966463929857808
0.45646261229207674 1.2964562176325511
6.775659222231045 1.042248691381047
6.659496646950213 2.5214703125789772
17.07153798460018 14.855933396712311
8.541610850001703 18.842659860735765
11.254697188006276 13.346270601895412
17.44997663768174 10.112226913253881
2.264191991985034 14.578101874597237
16.193628780597663 12.167474407993513
5.636429951838647 0.5515028748789419
4.156243174665244 16.132449599142507
2.136344275806441 3.0297719504304
12.639952253359334 13.433565253426893
8.13944081600589 5.4454718968850475
8.219126639160368 7.379420628465012
19.600291192563034 12.682012646730206
4.4025871233794955 6.705817393108886
13.275070837974512 2.891535072845286
0.04724004490150424 11.66276007462951
12.322781935082086 8.498147560764018
16.735658464330424 19.020996851481407
12.491817570006278 17.14884711899858
16.72466835311529 8.801453561724465
19.805574237599874 17.612727645345462
8.091522773870219 12.581678485064263
10.992828231452986 0.49237531180222005
4.348786626536749 0.9092118558889983
13.865646234129716 19.099617949125037
2.068574808526824 5.65256584924227
16.429612487198263 1.9610863423992497
11.951332289015124 12.04628282009385
10.718194300189339 5.157319066050523
6.293862281963214 14.737328590299327
0.1751045505594151 0.06243316316401959
8.95584908320258 12.315845553091444
7.865536351652278 10.039650376667439
12.693645874914054 15.614084687513476
16.879192482539207 18.261266413051448
3.124638572741192 6.483109753265223
13.995050281783408 8.05991896017984
18.605018833778594 5.807646898005623
13.009844256728893 7.081294188911775
0.94833454626718 12.195243422614173
5.089270139467099 6.996701110930086
13.18171988086981 16.076664156423025
0.08295516727490737 1.6472128123454488
17.43123184831117 17.880257167009084
4.9512639182352425 8.229359593159895
18.547258928710967 3.4937792193012096
13.284040337757762 8.495642939084323
7.225491401912674 15.402968654991358
13.348423456719098 9.931420140444123
0.14848112574095795 3.6969301769415264
1.1848982494999882 0.48298218657970793
14.067345050412147 7.556170573867673
9.977782124493551 14.649940019414432
5.762697219481483 4.889918761775776
17.25836949418649 3.6183114580041154
0.4684322650400663 15.465130264731268
7.455996605390542 7.598979498177281
17.611503827376463 11.170371138904132
8.894317116349077 4.649473737939374
4.615383852104486 15.983543928128404
11.53710621707614 16.99531842677491
7.03441400176454 7.763215150859084
4.6199508134475 13.230451362087116
16.43078545145458 4.159069558687156
11.761204439840284 12.76452713096605
6.175433451112388 5.7378049176880825
5.227624786365848 17.498166645750413
9.748641771474485 0.8465688019961171
10.737142202869702 4.9455280152221315
16.135697290540094 8.786805290513414
9.513228974859278 16.88683232045731
12.557467646762436 10.54717399443474
5.262389405314442 8.121766761970546
16.045294190104396 9.644976745416823
10.328300341526022 1.0079765144635577
2.264133569272029 19.55131400650995
17.48318003187134 3.2071195392027296
2.507412016368984 8.725971278656449
1.6489836245944556 8.424263809121976
17.93158358343194 9.463817087551728
19.298063912927805 12.914662107024322
13.867915891485254 12.55527616477327
2.364957345252481 4.1452438123783475
6.443560199566725 6.189222991217791
18.207995108349234 12.236426192183945
18.76349410641708 14.577421950047514
7.491462387424466 19.673144758067743
4.549451682937587 9.455420344485862
17.816074153500537 0.2622652958675564
13.401493392357597 5.915583645246758
2.5075431242701107 4.426843721282778
3.742394435574816 12.953742284641772
11.18007638175926 4.665957836992305
17.024566619007654 8.661700877857792
1.5236412405310973 2.3721346837780377
9.923751639673643 10.173642138394683
10.220889373563722 15.186671137391324
0.013264109518758005 9.275238964198154
14.981656844359879 12.686420526252444
14.807092088040088 6.010071587803274
19.389979080266542 7.433913704088626
4.079684041178 14.668718598750361
17.590606139908814 18.28595301269454
1.0147997580901214 19.221691590806067
6.799019444754366 3.3440961858116314
19.00531654890473 18.55813716419608
12.200998747975849 11.04374818473689
7.820429859250053 5.818038352028054
11.014801341813909 19.616828905975325
5.3762004279036795 10.656408912458383
10.32106320092688 7.5262998901000655
9.489948913807238 18.45376671404147
6.7225522329379555 0.4590833528313665
17.768519452952024 6.287946871217751
14.977940271923993 14.077216329875096
3.1749678955364447 1.908101758414682
17.460787871981136 15.965337035354244
7.837762724094739 19.002512385105394
16.626973409737705 5.075906372038275
8.311112393650333 9.727618155506397
8.630820750836602 12.461830724685548
11.764576503260585 3.7664564871441564
17.812219664462717 3.199440068912407
4.474635101109065 12.110476115188293
18.984056009274916 6.143063301161307
11.510427928259528 3.309481840861157
7.281308140241172 15.515706400678106
19.650412955709754 10.110237202743521
13.790191004454432 16.328645031104795
4.336209409778464 15.20504274311985
9.25776444292964 4.2359961099162735
5.864441236536548 16.237383358694466
7.889450009302532 19.668640900909093
0.03690782312634866 2.2625168454789435
18.573936354452577 15.955133692366669
4.133957854483743 6.53666939035311
11.831978728938882 11.625522001371165
10.345461786915953 13.80926623313739
17.367636668581046 18.207281789523726
5.688315950885567 14.218427356464149
19.307517736376276 6.560853758581102
19.958935759793306 10.440719284098755
14.045632012380075 17.165545773544835
1.4137378939534018 19.921953261745745
19.068489202425013 12.754848690083126
13.640130224088555 9.816591096625768
10.217105061957646 15.313501025034146
16.47506774397283 18.689097313918765
19.549612891792517 3.686901306741004
18.84776041278956 16.081375546746123
6.300207800887733 12.91677114121201
12.067652147717434 8.72618413671586
19.38718177699062 11.905235372221965
8.348320017491371 0.4872281049847871
1.5048408295326543 2.1227758497427707
1.2524731405309941 12.032391195006992
2.0411223317505645 16.813790528263294
12.262763972850584 5.797365172514932
8.894773244393212 7.516782379160678
10.827657005082195 1.9727021397779554
17.722960169803365 2.7044664276950914
14.001126010139718 12.048107559564667
11.232238840770037 11.962379210178241
6.189486986580228 17.87356884252816
0.8328207100855134 8.362853916580837
9.538205224442214 6.247691631097421
8.308120922690389 11.554495378992367
1.1360408842115155 11.71940434025392
16.10858776940192 14.57558109320396
14.483438093141183 3.589971123243254
11.460864602627678 8.513098114952477
19.566581169574388 17.02802660250349
11.690344846222846 0.8673899271822116
8.39808765704521 12.761139861021444
5.987231706188605 15.845688854462134
1.029823569255055 14.9831865175411
2.303226317983389 7.796078568006957
10.812871219187466 2.917592867402019
7.148024796331356 12.606717449468118
7.074204460752817 17.902298369978432
10.761798994225703 6.133429049602743
8.399152759211807 14.913059223490404
0.47191137653229465 13.582054728976058
10.353280022443531 15.117503375690182
0.9991040791730055 19.260244642356614
17.746823355533092 4.353123722848009
2.060463909616852 2.2266299699131897
13.43937137731322 11.348182609221224
0.8234807311336034 10.103626244967238
13.201998346382748 9.055269934674929
19.59754894684626 0.6833717966494968
9.298591502371496 12.64305838316383
17.606301123312488 8.944607448203396
14.217652584775918 18.49256186787911
19.766185325312563 15.711572625554584
0.3803721667901505 19.969992219073884
15.103733574068672 3.424278109956731
11.670320879383457 7.7990958076769274
12.77599921480396 4.352800719775156
18.27461787899153 15.531618022369646
4.61566916462548 17.07651711675957
17.595986019426398 3.9153450301791604
9.704398207367017 8.162486676132954
10.889611811254571 11.884930670722628
8.684926475121031 7.715463426094695
7.798284306796792 16.451520472945397
13.35459267776269 9.83530855833967
9.103798446888886 18.94294940588615
0.5398688139248087 2.005847703795529
11.7821484603251 10.847074388297646
8.33358735310075 11.052502647440313
9.844569855695823 8.936593374806506
7.4835531904675605 7.544309925573405
9.466014090107828 6.404471398480684
1.0532687866521173 15.379217616182208
17.547175723406863 4.414882600486301
11.432535124709176 8.77982838621421
19.125718994547054 6.775355320564394
5.357712121158582 5.040050572115192
10.946888660178207 19.36159412885257
4.8084621035484805 18.101386230539077
6.023213282376885 15.477226196397647
14.47983507181356 5.400875474551306
7.157545062843635 8.506501384248885
4.98556830340547 18.420996926357965
6.17321150947951 14.018769157542444
5.030523855337874 15.98509715478302
19.98958575443542 4.909315005909935
15.497208604686342 18.580218220777827
4.700907663986468 5.21194315299857
3.723351097708776 11.852455600791467
14.46072904363918 10.894455731235178
7.204547646605715 7.908277341198751
13.243880166154282 9.248967742380374
12.538016854465546 4.168502857996071
4.452388953798381 12.414782217580031
17.63053196429836 1.2599305748604261
15.8513120378468 5.1223220918320145
13.025636203416909 13.79287884640474
5.4649767775639475 11.922399152974767
11.662272430588978 10.861186693794878
17.833649980846374 14.965892140168652
15.45899515594207 16.714510382866997
19.42519945186281 19.824668994524426
11.824957444760148 6.291014527827188
17.015826177721703 13.895382605727287
3.530904456186732 5.161861049893696
13.498488885967308 9.603554324027625
11.330426921907579 8.927162513352418
1.8471732599969104 12.92611981763672
10.303771971264553 13.21635277247866
19.859679462629533 6.6764187789276015
8.103525588071843 12.184216630006537
5.821149551827287 7.54637530402384
6.113522794730621 0.7570871914206645
8.375066205934864 6.076400286099835
2.989369658049259 3.8720166553441437
12.658008163170052 9.524330607436038
4.130989405565126 14.564990823825026
9.148962176943273 19.03049871269275
10.344642569850475 12.002558788768507
11.703526891643898 4.526809832729873
14.283895789527353 10.41450807596966
6.887883865482309 13.513485254026566
14.216049829395878 0.37351455860472393
7.9969281857290575 3.1279047190425735
1.2425654647104256 4.980971016598021
14.035490142706127 18.855774033638998
8.309058921217618 5.256478119319037
16.461115516233072 17.78561650592228
7.172472400773742 11.391763568324574
14.631392664936836 9.48336696077321
2.950045547072273 9.518081240506662
14.668348405128317 3.36464102436137
4.956764326648617 17.249413048528645
15.846976853459157 7.868010383245807
7.244972893291997 15.502092415987923
13.634479627465868 3.783423816006153
12.591882035554141 8.954729846666192
9.151340760960274 11.765674730001795
19.63773100023102 3.0006270266712343
11.094884435063841 12.363602025532517
4.459395390433607 11.158119377690209
8.0604934824832 15.821497320422075
5.071256229112871 3.6425940752310804
16.715205168663324 18.459969853238828
0.17719170858908617 15.167193804031896
14.422925040945586 2.6192978955627044
1.9545640091112015 8.027504489108546
3.690031719518405 17.949083269764333
16.733129629032334 15.138809602984217
10.194681507476844 3.253803025077877
7.138808154447083 6.932765764824538
6.182648210659181 10.154632584345753
14.604291310108907 15.883649382231646
16.65706458819444 12.503700120876832
12.105503957649207 12.92258690703191
7.058970382107798 8.787708850321525
13.564951872366631 1.1114825140296336
8.030087798544582 8.683646631442176
8.570031478003644 13.686621564540511
5.368797344763825 19.480086589820296
18.886400275329724 15.945220755603412
11.434801751305546 13.253357979080416
6.703548631747438 13.436470783543982
18.027498759972 1.4886501624476378
3.6317262218130164 2.5319005950490214
10.157629173040819 10.261901751183204
14.176436314485537 3.6881737273171167
15.151272285359518 16.149086706942395
17.748704149193728 12.57871102350358
12.169822920158293 10.705322452828096
9.226402033141479 9.758807335577815
13.499085638433305 9.656972235558614
19.66389769296029 5.642200111995457
10.855176731515046 11.875720904530287
5.954367407165195 4.305324613886931
17.474437373466497 2.754374257179273
11.081110764572546 6.998773878334889
9.899112270525192 6.779910655323153
15.05126288706451 4.233754463430985
2.1400529583386874 4.900100340138409
0.6873087779643949 3.9246266339086078
9.29226936248966 3.705786968873186
8.158856391088163 12.306883651852765
17.698648309708155 15.501708987212076
7.469135421665167 4.213212272425473
14.401723129117043 1.0145165967040248
19.067740251208278 9.778557395531406
19.892881396494282 19.787418343230836
19.343149553952063 5.758396137511548
15.062950902640821 7.236689707688013
19.955599741962995 11.382707680082916
15.777618556618627 11.896028064692942
7.802909555160897 11.031400954515096
6.6456790290014345 1.550550085495448
15.868893096736796 19.005251600935555
19.3176398622732 2.7629867425870347
4.286026585323661 5.279679459874178
10.046730207324298 14.720426634731663
5.651060771609688 15.366968999762667
16.26391122174569 15.380726317279635
8.964313932248512 2.2758342169531387
12.562997451848783 15.573501827973267
2.520396394550113 4.045494079035182
2.7615423376637716 15.011387084991119
7.660159709663546 6.444712632340622
16.59767024092236 13.09302806449314
12.500697607117573 7.1645453206491405
7.142561338932094 6.930063824423824
17.592238914669107 5.196799300643162
8.152838790203354 9.206129808059684
13.907828789415051 17.078513638740947
9.356628335467917 19.27669112963628
7.6537041740605405 10.296032946708989
2.0615982893962848 2.344307988029526
6.095314918538486 3.3805380100288374
17.492814093649038 13.594699222785312
3.925965973359715 12.09017322255983
5.912781572860495 6.854774547341229
0.6620912496943698 1.5621934291764727
5.8455677207077095 10.634558779864847
16.13119618468759 15.431838816512577
9.621443702543871 18.34074211529107
13.325542524359104 14.652913428971432
3.9779973208100117 4.000346788121194
5.726678353303162 11.118346453105323
12.59822201619918 0.00879594364038061
19.66294402668741 4.167274247988637
11.235593024483988 19.217453309378193
1.3441244028379562 1.6784747745069928
5.470700036717961 10.101467272482589
2.9244383415549935 11.688268100937904
16.163511734776105 0.7995568466151792
12.27709358701514 5.334271506154254
8.309897454435 15.49313898970988
7.120672205383396 17.41468265058771
5.280552842787676 14.892989827158978
15.719625748290266 6.966042947467683
12.315011448994511 1.5274067738210428
13.58821344505224 7.000721736056503
10.66294947137723 0.0766250290766668
18.459224264167855 9.90863361056645
16.909536480014214 13.174018984318181
4.2358776114532715 3.015985201421767
10.791095111948954 3.8954025269793613
18.72730774517658 7.407137283007648
19.2018846838946 7.583522512747496
19.675087432235276 2.3539340877530313
4.112339600844715 7.7056239605102945
18.910259159734778 17.560150466713413
17.76363355897472 3.1177383056665597
5.437391561050351 5.916969314320255
19.77297027694625 7.410140705273154
4.824193983086376 10.578704253705542
17.678525907602417 14.934191239395918
4.48226470476939 11.9062448966774
14.972512416016679 2.661559620230116
12.256574108388069 2.1889934884261653
8.815347376215856 12.202622379174166
19.198316351035288 9.044344572430617
13.393463442283394 12.11158892801201
6.477794928580676 12.007028995462957
14.277803432760406 17.031704279260858
11.101036287097843 11.058941541286417
4.159596353896015 17.284655203739053
5.425864429510037 10.713338427980004
10.984526635967335 10.184085419455386
11.430189976195685 18.755574213502733
5.775949693982064 2.6539097074578444
2.2673057262440066 4.855843750846985
9.332333502621037 13.657894418354232
0.8500085227181597 1.0076515638621708
4.503633990504388 4.4977560788743
8.03740471427143 13.109034506268433
3.8958584000741303 5.21281715480447
1.4552760106112994 10.991827988836103
1.6225754239101486 6.115015990360537
0.06292666793747514 12.817565322940634
12.116691965775786 4.918885931537766
9.286455817016906 18.9968572407454
9.035325900717247 1.9768649259269955
6.870431653439915 0.652405012176529
2.9351429874108215 18.806095749593812
0.556977312060376 8.134062207342595
17.66506222917898 18.393662281729963
5.283308863450349 16.20765453615531
2.3177534805890176 9.692972969437418
9.79579727765138 4.277538902306373
8.100898061743216 3.274795885865298
10.410654823301847 2.3661696853989667
7.6336934972744475 10.272229457783302
3.1083793609198884 16.562222643388075
17.94363890003902 2.5596691563319784
