0
6.449093928985756 12.866880311399315
5.5590577466014395 4.468160229597757
8.938572431595338 19.80631413411824
19.287647394708173 0.4644230328207244
18.983871012595017 6.201296464183452
17.54082278666764 8.615800108403329
11.21321913771823 17.72354858715801
10.946988792068513 19.6521203308258
8.046387006796788 12.116199692762626
0.24209508328278284 0.3979987881938363
11.188573059550269 4.156632058914083
6.002743141995948 6.261175002945672
6.798933155799068 13.536675073310434
13.108931385383826 8.193676272138909
0.7454947777087106 12.955675344380577
2.5298161081570525 15.493609418212772
9.127725872880774 4.522761048716055
7.107902475733425 14.428656831276625
13.642572156273062 3.990393883244574
17.72411802853125 11.900636571073663
