0
18.081340659337197 4.8113677446092185
7.2967832433535555 0.46792935265114854
1.2935151502183007 0.22971540356285125
4.784453439656538 19.512877940886526
5.81292187097366 2.6331237570173527
11.985252376520329 14.679897163313973
14.353692554068648 3.3388038457821145
0.22656523039791265 3.6981244807762237
5.460021541804281 3.399695418632487
1.3573699853964816 8.833734830696642
10.562264406432558 1.8571828287051617
4.988137552038154 14.974057513211816
11.897620060036127 8.105007481497896
12.064369718528296 16.854931822492446
7.16026038626397 8.23803044252955
18.07028145499579 10.627221179740857
18.01531129453205 8.560286318002689
5.741172604612639 6.071695586120313
6.505612621104002 13.352545525263492
19.37005214091851 7.509760193979654
5.89972307102363 8.550390115307078
10.626126612017456 13.820805251204973
10.67415643553069 18.15958038284756
9.259781438771661 0.9652173195035285
4.092381334837709 16.03628076730169
1.1507179634761822 14.025387875920996
11.23763448575177 12.08548407531058
10.862948934853577 10.01532267919637
10.37613615142318 8.981765757490361
6.202375430607134 17.572748454943113
16.1718273862632 3.192271635591859
8.229703928933436 15.135890206812173
4.543276413143897 2.3826294599949693
1.763498146134812 15.320367397880709
0.8479352010948782 10.212251351468261
18.615177285303286 19.94995212321482
0.5984610893791209 9.076283791199511
8.629827711429332 17.558200719252362
15.06033901504231 11.527229798554885
2.0636960959979778 13.166255837757184
12.849590461130342 11.910062556615111
0.9112914119505766 8.755403950447349
3.043861145952822 11.170423625574081
16.502035009568253 12.091242981394846
15.339738173630108 9.846280037751656
16.01844014943396 1.4196038388591048
18.433653064453466 6.92920061108218
11.544825636322585 14.042647041936133
19.073276935883264 5.582186061193175
1.837608946485647 17.8968437620207
1.120836883758205 10.626776757674474
19.21524611150567 6.992818430176091
16.489315273369122 7.2629352634420075
1.7979213972499797 13.940328263031859
7.957023078442198 15.66099030373012
4.784122807153666 15.769918662722457
7.635576523707268 1.8657005585547237
3.5332657708052917 2.876092486096009
14.260828059646592 11.878286422263225
5.9305628468269145 5.145095917528395
7.495840312736169 2.8330555256805923
1.8423666741482947 4.193718491189735
8.079522461240309 12.861026483396065
13.427244794600373 6.13377485625493
18.924074571563388 19.53374544172434
11.650077150202602 5.390227355927031
4.158927356902931 5.706255501009069
11.553494368151075 16.839180867093233
0.6383808652340051 1.128981063975527
11.673016756839269 10.895268298582643
9.574691199806086 18.374048941652482
1.439266139823534 14.166225512693691
4.7278803485179814 12.422369672519924
4.492680055310108 16.905732389232412
17.978066343985216 4.683563724589257
15.543159416617002 17.73388123444725
3.12566446056757 4.271618222333203
3.7391409050700464 15.95791610628839
14.409312425649453 12.034921892623114
16.467592690242437 12.314163306080928
7.500933352608785 6.140126244116195
4.088478632516992 0.0653570899802669
17.631853361136947 1.9350447790354552
18.31426142092614 0.12585081310328539
12.023449885708306 13.366596638249561
14.777046851265535 16.250470181281493
11.940309726333705 18.40557225976125
13.783002503026564 19.311068376351987
13.453433831907564 6.730790792612136
2.3357168129357864 13.298104458703845
5.395534615367792 4.350985065139166
15.217194199454793 9.922854584726437
8.010018900358986 6.893550357187959
13.247213830899526 3.5591542788421493
16.439773700315726 10.96505475658805
2.798811465698119 13.751839004369199
9.471399754953524 11.28920867893922
12.22967433462821 8.632338625593448
15.845080718976643 10.253753200624951
18.09626768561139 19.32016103094822
17.959794178271867 6.04852629981065
16.84955118679333 2.752282518990461
15.948108665416383 5.752738247961369
6.168161696694321 8.370743064571936
13.864344419104597 10.530262345471705
14.166986327101807 12.712021494096193
4.124400310744754 1.5175475991045007
14.426060679984495 5.180057681488661
16.355082729362106 17.039516952720128
10.116782398330386 18.14805559933046
2.4553101007454936 14.464620097397594
1.4594382393191996 15.022498748904889
10.941085574654307 13.310966844954466
7.32809197150698 1.0160743717101095
0.5406746503229121 0.14127449377525858
14.025898990153836 3.1144948159694352
15.525944355581654 0.33511623962892534
12.085954982621555 18.085484751803303
13.410362242256948 7.0027656692258216
15.409808237631948 10.366479048594798
19.413673696750397 3.1056907105276954
16.137804636942242 15.280860266635788
1.487821679474508 19.27454850824826
13.352457021013413 7.270849719825856
14.718184991541957 16.86630170220184
4.048071648261273 7.6984388239895924
14.558762537456538 13.477870154353827
0.75688512746928 12.254039248717683
4.629448792846789 16.434498441558215
1.8040075161811964 14.125797132086808
6.698081354535841 18.696818009679287
7.370486540896972 5.820819987979629
17.989473290757754 1.1813431395821095
7.375852387429244 19.892818508274434
14.10817161815795 15.664947339005726
5.64852156789208 16.818972352939717
4.631219934235984 13.244622502892822
8.934476399948982 6.882091180411328
12.82172835956976 14.749616585307896
19.001667408099408 2.1524385747033303
10.933585970941632 11.553833683288047
1.4296151383739009 14.526851609399037
18.222187748205666 17.912145763466214
5.630720831255105 6.271088117094985
0.04557332311481144 9.245056343871754
17.231825268411434 0.6245996547562971
13.334909368992014 14.721939003276567
16.151587559363115 11.765217593222431
6.232774914803563 7.043847628816908
11.541286790194995 15.794518440107286
17.84224529912993 7.5026816910069005
8.21367901986357 17.392916138634998
17.799299507451934 0.19427514262486678
8.266576637027914 10.406812478449933
14.775603220542553 5.6887427008112486
6.314843170620934 4.8684123713929335
8.038259751645692 1.5122218947120847
17.076536036263423 17.812098851225336
16.83764097902407 14.469908705539144
0.015950509624342857 0.7395364292170248
18.663952111620915 8.141079954313739
17.328359487988422 2.698966640182312
19.30771040610115 7.802572266565928
18.75826748365759 4.682415151186214
5.178847856903399 4.58796453636074
9.575031801568592 8.407843727394885
11.483681109121623 0.86550173526321
6.486736173657004 0.5415325530480275
18.628526906927952 19.618568392563557
0.3552304658982952 2.0292788608577483
3.613262492615732 2.038312132537601
4.282284275376085 11.443270534365602
3.1976744680635782 19.588785695161917
10.968828585097816 1.1147758658433204
11.267957249642329 9.480772042602673
14.20629930324786 5.311069864181639
14.100267629533615 5.791227224724828
5.941117592652374 10.828305929850494
4.112761456921453 2.3910610680523825
2.560381946355539 2.1103172937146986
5.217074986900753 8.394755006378611
1.8788732038181366 5.3666099563894925
11.024745853570124 2.0211073689711934
5.764506990972819 19.151102270035235
0.9335975026872356 14.555155374626803
2.4213952931837612 12.476432859675388
18.513638652649277 2.5271339892523303
7.0567202986410305 15.776954612666458
11.631573523788525 13.275085018638986
9.989640537852733 4.896801348439919
4.397532097374834 16.73353172094202
17.217492654652336 3.7676981333955317
17.28717333403019 4.591405262881992
10.03657806610018 7.554479173318662
13.686844883118194 6.888188550885646
17.521855250615854 14.78453528653045
8.629005714491393 5.668036601773235
8.5018900812133 14.340718687592219
8.629658931758842 15.487397761830483
8.122447599753876 1.1854973828533333
0.3090677013976384 11.372454256659204
8.174142484962669 13.297437778355281
9.871559808293721 16.24847458324926
10.066592664827123 11.539380073865413
15.539757481008715 11.91395275048537
14.66355208977349 4.040943849112835
10.683102395509959 10.308197652586342
14.15053580878902 7.166288655796458
6.650074309735572 15.121800417472162
7.68847380491636 16.25133346384256
11.20803066959068 17.725210993643763
14.813964881265353 11.032921095612565
1.0141365747829045 5.9414149724070775
18.37873513084472 3.0556909726504022
4.685370957286397 19.364501729727476
12.277935086949071 5.330713179483451
6.8051375622144405 0.7266794177398905
18.29893762170813 8.13320861958228
12.598532732928076 9.242086705073675
11.129333979411593 19.064967576467108
18.027864236284895 18.906525687800716
10.8948593556912 10.370357860218228
10.704529332368622 2.408024275256959
8.554999050549533 11.983095837232868
3.282909176759965 19.603911715827188
1.0660740498937549 14.894233048507433
12.896457261488889 8.445886377250991
10.428619831901113 6.170097057731782
7.715693378476162 15.785315597830207
3.5679168360885316 4.312196475412398
4.852347817459384 5.6668084809480135
18.45355024008464 1.639397012228847
2.6034293148037824 3.518871495903295
15.945921721803536 8.985941597483935
4.423522696848092 16.07624254902987
16.564651310675952 17.24717372078022
2.0331516550195827 8.919275574364907
6.705854047542834 0.16811193159711246
10.715577292543552 6.191543272983879
9.792294076090775 3.258293702604822
11.12393117917258 0.35758109790909876
14.422462815581303 14.829590516818925
8.815112475735924 3.7885086888427244
13.791644966963045 16.891987115607535
15.246410456320392 18.514014412421055
18.490081118530274 6.005585647720424
2.1153488467264525 5.654999032942358
18.240358575201924 17.175381712166768
4.692772508382832 1.8519310866444072
7.218194029679985 17.488646704578827
9.193736055169357 16.429763732962208
12.307806565717962 0.43302247033904173
14.25027759822309 10.091040508089783
13.975105610582844 6.696721628679187
7.1946969849694415 3.6045936890191577
5.398959677385573 2.7405062183248963
2.1314899440276247 13.25802432084765
17.082823652825347 4.54439597763725
8.670615977172398 18.76793544560208
1.3760591998245886 0.670348723617249
17.7143150444688 18.89266939910265
4.166291574278473 6.145421681685999
3.834210439036221 0.1680788956888124
9.461190843254526 6.658215501827451
12.54498148666193 14.987647151511798
6.660091600204074 11.174678863114584
5.175400228027154 16.674053478704593
0.022896344922964662 0.3176375419004951
14.057082407971107 11.24005642297668
15.175742242007708 17.71768047892987
16.39580596328993 18.2123541994186
18.449939752675306 2.0313391794010505
6.459810632687102 6.192862534030099
11.43271763128258 18.435751675035178
12.613998848974369 2.757623041706112
15.315358513760813 0.14730333789532812
8.248505187829133 12.844352257564665
17.45631127490016 12.875010450308595
3.79462705249199 14.955406955261285
16.033925399150558 8.107694366564706
0.7906385997338106 0.303730865624503
7.7454710437340495 14.747270044981368
18.354545543421505 16.455127376919606
18.216136341289378 12.838771293668305
7.440368487135887 14.070987453486874
15.113732282109517 18.010989502687043
8.899069816776828 13.031373374966728
9.921865861776704 0.729911574978821
7.6347782330442 2.5191536306735784
5.9063673569032975 10.580401016220577
7.041485323739658 8.571653825127568
7.016797567306163 12.529868173030847
15.424933678384484 2.157078060828701
5.296883152746046 9.490932906785922
19.258931394442588 1.0087289022509927
12.834767665068519 3.4883921162465215
16.89487600035249 19.250844473299882
18.365990047658553 16.34905788985249
0.7377865585215471 0.2756445244666983
8.34913985379552 10.071338158371317
5.921683231878676 10.381958459580371
17.666164785865686 16.894691288851938
9.161684031801588 13.361600613653993
6.056339557871233 9.577384942226777
2.729716859857685 9.520423375880045
12.97493629554884 13.50426065419702
5.395275781172879 6.546771295569478
5.774668989932263 3.984487139201369
4.692187597671564 14.190838264574827
3.940013142990566 4.462574876120968
13.016875873171907 19.894206562368847
15.561534138627287 4.35419290563726
3.83315513053218 8.30963498655887
1.3193883763947034 8.83162006027208
13.65310285942928 14.076938736276158
5.952200249574135 17.121945468638614
10.483099058415723 4.271585242074758
7.519531659150582 0.7443996747374992
0.06865384165003041 14.618418637775894
10.723211217521577 18.601498457169015
7.5411712157546855 11.863696311173813
12.134810257277444 1.9519505587675834
13.964325349927893 3.624408522371425
12.383586626533404 9.031563045905473
4.79726972190411 6.584631406788164
3.1912501219222245 6.451660199490328
0.4364147201407187 14.084451473878762
15.596930515097473 2.492821445099871
7.767049560907482 14.947763785811915
19.797768945892017 16.02500330683054
16.050621425565225 6.821050427775354
16.737571712453416 14.023423462810769
0.4929955904526584 19.346006322625943
16.90800837933686 10.512829798445749
12.483577429098318 15.164674575421824
2.783863713565542 10.26109575537321
6.764688126739253 10.056528521684235
17.895880445252 1.6563277383231911
2.685126458257996 7.432719915177066
17.751765876185623 14.939986899968842
19.211381789741463 16.96349358388802
15.647966217762994 4.331780674862873
1.5144843985949152 2.29055317511877
19.871835844583043 5.570374477896813
10.720024924367113 18.576937487143613
7.875880462758225 4.007255588078027
17.803396088327673 17.07275737972788
17.712750960073464 2.6293571533962212
7.631839834962109 10.925914202168272
17.351735088425805 4.249332994122554
19.799425031169623 14.142709924376774
18.454491394144153 17.590658979701843
9.170597556160313 3.9040363055090554
12.769822108805258 3.1080140756722607
0.942490863125458 15.368614261200364
6.514305297504466 11.121671748404523
2.555702778168125 17.645531683571868
10.937639878202523 12.207927264217119
17.92778557679571 19.794113526992398
15.728581995337152 17.77585292804322
8.253221308379278 16.509940672242458
5.999395667542546 17.373957370874088
18.008190640536405 4.5816055775785
3.293758141438907 18.508618866079953
14.817969412699362 3.2535860978139874
16.395098952776404 4.619423715091157
17.489322588744947 14.30639297471469
18.669383308560697 7.344840220360187
7.779795183301513 0.9659299839783753
5.258377145312744 0.32493079488707055
18.370329369631087 8.679783962695705
5.646466798392449 3.5260806353145036
2.0271720212507205 15.348951327747073
14.956136628252363 19.436022269334078
15.08356338761628 3.77927574554781
0.7842346816999402 5.465691440456868
12.141233635660223 14.917667202720345
1.4731962090356987 0.5077530052430834
8.286258742126758 6.86394191344327
16.418418405023775 7.839897574982471
0.13337049880581153 11.699916244374634
19.345013915131172 11.42431368404888
7.657330702308158 9.853150709851137
1.4442035274133724 8.14299124131082
5.039520884151758 10.013543316076067
12.841635882501839 14.621827936261154
10.652433711112149 11.546737031142847
18.076958582501334 14.034762083877707
3.824270019214957 15.899092042525844
14.105989902606002 5.642449495933331
9.170390146830025 3.6647564892950313
17.79387605665822 7.808291869915831
18.047893311441555 4.786148628705577
13.949651334588015 3.847880385596101
1.0841253904656378 0.7849433863267352
4.659642945335715 9.30623188870329
5.7494629904755605 9.971445588179249
16.009202905333616 19.12044224346771
8.589227238475537 19.255997205823117
19.239272133280117 3.613694175263551
2.999142949122806 19.48686537155279
9.966317147127281 3.3798159919350512
10.323258205722883 15.16482796384478
1.3012151899679614 4.8558767121470625
4.572799024005175 13.935455350168573
4.534682250527928 0.7435865784774998
19.208944867649137 16.435877424982497
14.513884994725183 12.428551480103964
18.202049647220075 2.873589228452633
5.9168996351655885 15.159705752853437
2.9743696572662026 9.140649953123653
1.3387098259628027 0.9895395345915525
11.852878000524036 2.3173945356305636
12.434478933458564 19.33900797259363
9.30328822289177 3.095568363562393
1.322846881955757 10.5392961674731
18.485937010854634 0.9515724785447821
1.0340504943150708 13.815897318004636
2.5687005934511475 6.826289291077828
10.99467910277205 7.918732268002662
7.751666381558726 7.618737703904575
6.372926615248504 9.965335293319939
4.102795531978023 6.976595377763299
8.565218939442056 16.052397475649844
19.073351060990262 17.667395460016493
18.187131162935472 15.804250524445882
12.956403327683235 12.239995069940726
11.638546069219052 12.26514989775466
15.571242279996547 0.7366930940580652
7.645025363378681 8.40549859081236
9.101069403678215 6.892151053233326
1.1344049381949417 2.000436941485193
3.280868622805293 17.556059053605626
18.389656425249605 1.7524967270655911
6.026882649617651 4.002263495770785
9.626082126576517 19.26831277814623
5.1186628821913445 18.337860517026417
2.97294887995752 3.8626531384511353
4.6891802440796315 13.40153464202981
17.29669403724619 10.15131564820706
4.048025755936056 0.341206381502428
10.384867835217307 2.0077253513791726
5.757254382285906 4.486837500017026
3.717008628202827 0.6963342503869585
14.898957350864608 7.185013173239354
15.380679539092206 19.859224809822848
2.1181866972940466 8.93771471726237
8.64792319584474 15.52058210182974
9.294374720253685 17.48846731415085
5.3094287655291765 15.386993645379814
18.588933555089994 13.424833219550532
0.07072625102719998 18.459810751833658
3.136245953859902 15.41700384276872
5.146766614001683 13.339084987750915
10.78978845874757 17.38801787663799
12.648268624100433 11.586884759481574
1.1046636657213726 0.7119265300073763
6.4352454030569195 11.131061865618433
0.13234697725764688 15.961991408010892
4.8201654333610815 13.928839035836438
17.62298199148356 0.7817988752648075
10.835211121138492 1.972848299852068
6.875098199019369 13.127943047873323
7.735159566552754 6.210553530987544
18.742143367668803 12.4337209397103
3.9894147338415054 4.061253450477924
8.199768572630948 15.169053033409545
4.223765180604833 12.953157968997203
14.397320843768407 5.822633870205049
0.40447266195944964 9.6662942237
13.26154228398404 19.50809796870716
1.0143211241870609 18.25530265411459
15.489997282193535 8.196756788904601
5.052294004189568 12.939441223723005
12.166283287241178 19.005259807048084
2.395576215536148 16.58541416078244
15.248612710393392 10.017298051000887
2.394605563914154 0.27191598886336044
0.8278847778279741 6.7942648450587395
18.528935535073906 4.913060754932523
19.32089685884021 1.0305555294308322
8.53369746933085 12.031157393151497
8.658871672054442 11.734980090786344
6.613486238006021 7.507556044850303
14.051020682386914 8.870537945231247
7.1925152309430125 9.503592752504495
1.0473775601603563 19.560587587739818
8.10693487764164 9.731923473930548
7.3946828556157085 17.770224137541202
15.22721938655546 5.871828089405071
13.57362423059644 19.797462417834495
10.205574893634486 2.1603470243604472
1.9252648906718517 9.959593931059306
8.375344091216322 5.054388773829281
19.919032533905273 3.535885247080355
4.786415212804349 1.347233575272615
4.384171315235688 17.328548836061593
2.942676547308367 17.236134978136878
0.4210767397712334 2.1297069413143
3.014589659821032 18.57600975120716
1.2284890061620346 15.93285340756685
14.131979244498968 4.917474670004838
3.2270244176368146 1.9030917944794812
8.819176784305029 12.915784217854826
14.629082563474839 0.9212150517201678
16.71668420632107 18.310499922222533
14.999672355326915 14.942470456808842
19.440549652615424 9.913991555397823
18.372255200886233 4.461635937202278
18.76268583245429 3.910175074881861
3.1282126484630224 11.051817631521782
6.252388936169567 12.253150305548125
18.118098743050435 4.245152862584445
4.101348867491501 15.068695227211887
16.397348862840403 0.9493899487278945
14.06147213904253 13.69985623998305
5.468660566593897 15.145098886448082
4.256867174968358 18.401144339649328
16.067790889120616 5.784039532181422
2.0883798962830658 12.674139124941108
0.29904407158636515 1.6100054024095178
5.531090890522394 14.85057932100991
14.321250329163373 13.049235538336623
14.832225778194717 6.767301198457327
0.8045813983419703 13.368271164300065
1.9489482452276152 19.24066058966677
2.023063096199169 3.9729138027076605
16.022552767193094 14.53637204250038
5.7171891647621065 12.022725139280528
9.76759080884207 7.143957122728697
12.755564495433733 2.4612843397857054
3.8615071638246334 15.903297321432639
18.14404161777248 1.1132077569892673
4.252382632561506 2.8940511014843784
15.075341232111555 0.6747142983195742
10.759423998849499 7.486988171440048
5.481683447960213 17.225292217096605
4.422860401888857 7.569565249722167
9.947484272525024 1.313822525711874
15.766944393728808 14.196358398107707
14.858704889046045 4.723275340747861
16.471789102526134 10.77823961231938
15.309970432263542 1.69389633979117
2.9067904527568977 3.4124725414978063
8.560109546936172 1.68556007530263
11.560438670770822 15.069182211815065
4.7212943820149285 9.685771281072162
3.608324834701342 13.087930326778006
8.886493556675202 9.6205566046552
18.693208068474224 6.801418095186083
12.044478796201883 6.601284890799226
6.448017755970872 10.09161100679178
6.901165468963562 4.541224621578557
18.3747143564285 12.2968637417379
19.12058448377746 17.101438582362746
2.3989463379996656 0.12690803200202216
14.518331276013631 11.976384757458149
7.752486468273241 3.1058464269466635
8.384850461636425 11.205388635161578
18.7924554583675 15.551569358560718
4.385467570908672 13.496919788706911
12.9483706789639 19.21330370880266
7.378583872815612 8.478393076932145
0.19509592863590886 12.427279045342463
7.013011273552303 17.334998532610925
9.28178761890459 4.01377413782985
17.109927176742627 19.476837718791636
19.403978248128155 13.127096791799124
19.604484894059112 10.674435750328177
15.087957811565424 9.883319274714752
1.2166262389963722 4.528467065934512
6.763651945180307 15.828887044159865
6.040190684057332 16.19032618519631
9.83422262167685 18.176488265730992
17.883929877082622 14.925947391543373
11.007650096195727 17.222855662938365
12.467591007626426 0.416065309013669
12.23758757559903 2.4764604405328283
1.4707342078868213 6.611881289354022
9.82781126920443 19.761326226306306
7.951506643212818 6.515892371252178
19.086610321598766 8.926485676165825
5.797110846969273 1.433406803888666
13.374514160922907 19.77887530339945
4.637248411095589 9.04107264520311
10.470757658434678 12.470746517973888
6.046332156353262 16.044497026530024
8.89094209139903 17.810955940894726
16.879820841291217 13.247849846654267
12.120361797598498 12.832772679098507
1.2345267795184234 3.5340931074386406
19.684508303900902 17.43913063407566
3.792310147225282 6.555288152297109
10.560294178137127 19.05952579977332
4.20108387565628 17.858190594799737
16.638562363378135 3.991043472759348
4.666588216514458 14.721136432590017
1.7804877444613942 16.459286429214337
11.072937652772584 16.154007432041915
5.467505471910535 19.423248113942368
1.7194548679647181 0.31382891086980447
19.126426453100976 14.761461260320587
7.15585254884431 19.01435516364173
17.918440507902332 14.715030063223944
9.617347850954904 6.058758886751261
11.112733961892705 1.3264427289970993
11.205832763000497 13.800341233121678
0.12247790191443064 6.1013320192482805
16.23273851497482 10.636942268804175
4.862980714596552 8.233640349419515
5.033789449945054 11.070527053099466
16.298825093043725 6.472922700375394
4.085343966591537 9.514198464839296
15.878838245182692 7.075810383622616
0.3965784017430085 9.204663919543176
11.014786788218052 8.271921335089372
6.921277664926569 18.37897595461718
9.84170274600455 10.287811114347425
0.1275455535018799 7.300136367473426
18.204794678607534 19.21081152983091
0.8832664416969704 1.7669427917423253
7.149915681019912 2.8379065942389525
15.45969388212771 11.419234593232346
10.151598752904041 17.143066381517787
14.725053959752097 14.450473084846923
5.894703637286671 13.10974211701568
6.494607395559672 4.2653824113165335
4.632738712657933 15.413509160708616
8.523121427379685 8.17114568151301
3.97796623897656 16.803121883295056
17.770249506953114 13.366443413975162
13.435425394249618 15.016534859940549
15.338845135278135 1.2933922145135135
6.075031485912783 12.681707785359375
5.880760911390501 17.843235526860678
0.4429565141379621 4.890319466393727
5.284222080503533 13.957406412484229
6.145509874072326 13.99576784639535
1.1013916939487212 18.84137290364294
2.4957872542315274 16.67513972021577
16.444280711090872 16.309451387572295
1.1953674051169294 4.408099347967807
9.971676246413278 3.7045631177001304
11.230387901640128 5.263929174577735
2.1093090987392626 2.3876787393242993
16.993344521056738 12.251248475738334
10.789993023036823 18.96748678943583
19.099005632385577 11.473194659899374
8.770021894597404 7.241597230440744
11.444846882563468 1.9441582227118248
18.972620543853196 12.246379411697044
17.77346369641041 8.162422693605489
4.32879167001651 9.863302638485878
6.326429811630705 6.396359078452713
4.230424970421867 8.10544474701671
2.136115540498291 16.13009144418927
0.9800688285276049 9.508602515866123
3.0840054463420308 9.227839160937123
6.516295281873903 7.977222986422506
18.061084295224283 1.1144247944901253
2.2131176280613674 7.986160724199493
3.3978954715258647 10.632709362563954
2.6964591409602345 9.215039020222038
17.188907993769277 8.227004559996843
8.390190264493222 15.492781617309415
0.217851767535171 15.714794355538276
0.8987977131474856 3.3556565437035712
6.89772169377483 15.147368317375193
0.3532655124505668 2.572962464255566
9.971176930639256 9.123270541579696
4.4912902932879195 18.67025992089535
8.67409344280568 10.40672156501783
5.512478493824857 5.780838904018375
1.6470614938361705 4.816482238203898
12.643707747966904 17.081893552636185
3.086647195747072 8.088883773200175
15.869362556495744 19.622649192029176
3.460271440700675 4.782049288914621
9.425686373112477 0.5274817151815792
4.565592157901599 15.276596002558861
12.428031770860962 12.357837112779437
12.797300903925308 5.541405883216086
18.394300429912338 6.8425492278666304
14.191284658566957 13.571316652022205
15.44742815592301 8.236927514339751
0.14812498227402493 16.2668836247716
4.624263915541578 0.24677858203690617
3.6949496284514693 1.0146266074099008
4.987757821189578 3.754291507801346
2.7266712928962855 17.339470736002898
11.133882364943862 6.508515992153101
8.874685848557888 5.739370202819876
1.2042426693361685 10.493927091832173
8.483137593128795 13.175368335071308
1.6598841970881373 7.866361852269128
15.629876530462623 7.678660567588437
18.84130752455112 2.146389977742136
16.211280794255345 18.149471650221916
6.73425284897837 17.785964764311903
6.817136101143488 9.660869363442332
