0
19.62974398285106 16.008449762500256
5.159206059953457 8.53614318857791
6.518904410561106 18.68150885296593
7.865662889285872 9.926991787099515
13.559467123773949 7.069931834348351
19.36465852908119 13.776382968331369
1.941761088740117 6.538048201287651
9.50332454369622 12.609574994458995
17.01139645806395 3.2675791250105135
0.6590630774091277 0.984431574867275
12.060945583740123 2.8373228983455956
6.347137183809785 18.477243304502544
9.293884455607586 12.876495032546849
6.126806600623016 8.283038094041178
13.405741479188055 10.573589633264417
0.4638424886743686 19.565761004405683
18.55942745329297 5.685899280127755
14.851787770136653 4.369475338141253
0.4887614588452549 10.18311908498426
3.7638652483760326 3.202528070742241
2.046228449446772 16.77173352926819
1.9019635368593768 17.332394387133828
2.7180417021383874 10.285182612416989
2.728659014316761 10.379708157281005
10.461610419480834 8.288059725480561
12.412773670696486 6.975755321017236
7.677550533156108 10.230899884282287
11.088488348640915 2.048497376933478
2.2103977266149055 8.105385001791854
12.722566069176256 0.7279664227340832
18.97922640103358 15.788070731497537
9.903778639095734 15.912661575195825
18.1713940048841 9.124036311240246
0.5131474312423956 18.214351092576017
1.8896767354301014 14.29012113601226
19.503153791280923 1.2994677807711863
12.72508079382012 18.09070743792588
0.9085920133836423 14.571071624287136
14.934656480312258 0.5772841057637135
12.731288145212527 4.6861278449606285
1.735661278701337 7.746304984998156
0.48541741792004656 17.57863102095107
10.684459786898799 10.058143412493415
3.959698441585777 3.4598917274262986
13.19057565093496 11.133218522351612
16.147272796604664 18.693081255809915
13.923339943689337 0.21965930297344505
13.313600545534435 10.489903820555073
11.200612591477894 1.8901395552617828
0.8172467802324968 3.0530628813902294
10.406091173444704 6.91381295206747
10.567953922050624 17.08895246845726
9.06373907052295 9.362553155628614
12.900930831660622 8.540796494468928
4.404911398354612 6.748979082420505
8.165823190222701 6.943237844746017
12.095776989670386 2.357032430488457
1.4733562107789933 8.97515677170712
8.249673493784282 1.9141654563533006
17.81217602516482 18.58828283170236
15.931053479171442 0.3674505797538852
4.14293920575459 1.5149497324963068
12.064731731427983 8.764238648533446
10.096249566016377 19.009109531774094
10.996142498616237 16.10124652929524
19.545545517519432 3.3505234968102138
6.9053845247617796 16.49425528447784
1.5956011716179308 15.942810971396653
8.859828576966134 18.133863212659886
1.4218115810689413 7.761829767339528
19.497119432565384 7.231038568049472
18.914978811485618 1.4616374988403757
11.162417641871983 7.519483907718647
6.2308428002495475 14.621067346784171
1.7807694310208677 13.870108703178746
14.113127380725508 4.414729075199977
6.827517280516431 7.186193301127561
11.25341142942917 15.418032817195748
3.466699704635534 16.98610211558907
10.97065981901059 14.306611619126087
