0
0.7542999625493452 19.00109715375614
3.354982360880716 2.458267203539015
9.016381623686309 0.9074955086423597
2.174416253412732 3.217511219390794
3.2913863603427584 4.665255567541062
0.07689184507666313 6.427764451344881
6.286746652690445 12.297155596298834
16.967298537303655 4.2960845493321465
0.32370132020298037 2.983047694851071
4.910025273103155 12.340386134928998
6.586251848286258 5.283542094056665
7.994156450607745 3.881351960634669
9.8153905356893 1.0096752079498206
18.74775514271519 7.86276451585082
13.239252195651174 7.819249064619946
1.1360326358106976 12.715705355231764
0.4243599736800485 6.546316843748066
7.385213473849557 15.720371752358709
8.252688994037543 18.82105769925464
18.705964140740384 4.682507744763642
18.373784509609873 0.7130836114273498
8.447255435748417 16.729765895057817
13.250707782855994 18.931978678608218
0.2935775036410515 7.646566778368267
17.31312131323759 17.5446797092507
13.825461278763743 4.404321845533248
13.750343791283361 5.220061902779721
15.095273041559537 3.407158292818415
13.12174691854228 15.686894649982037
0.8272955975724727 17.46157421158697
