0
2.246395115329689 3.002610283044267
5.270332864950394 5.377824377343106
11.078864719913676 2.4698301898602404
1.5545151924939926 7.694795095473792
15.874678466527488 19.016893364503172
12.823031875424782 6.480367386491035
3.5381381644946797 6.7238001607250375
18.726641719287024 7.523056394632408
19.157373378525197 7.813604887227143
5.581833967904575 10.901922382152748
14.428038309973132 15.552680601043768
19.3330324899724 9.009223555833188
1.7716056498053256 13.25772794340396
2.9743533200015126 9.281185278809778
15.589301696786693 9.781222977074933
9.022341716090345 7.799610947558737
4.299751885329028 13.585295723540113
10.150660968121203 4.4778283388076945
4.64043806652588 19.727302775824015
19.242212862676393 15.72025980516684
3.170103664735562 8.268643913456703
13.883725411969632 6.245676147559016
8.991270057887718 2.031649036022063
19.722358968520417 8.189980762069212
6.419061507590924 4.267650312697855
2.1234152896905356 2.6551492047970737
6.6545665623198325 1.1626257128727646
6.212772969577543 6.546730667540064
13.477990775437318 7.9950892040566
11.657194270355053 15.843100519543807
19.558898489092602 9.674184545910478
10.430187033634255 5.365437344153115
17.187855929670086 14.324213475290968
13.330630934450165 14.668167392704884
0.2158374193923361 15.795117220444459
4.165912207791209 19.845414324557648
11.244768414237654 8.966708265000953
9.280844401355841 1.8497695864080321
16.39462932644012 0.3277326014077686
14.508175151691782 13.345470130883898
11.279562645040142 5.549123024263061
1.6360196503282864 18.168870848591496
7.657458923846196 5.63408161467976
12.132088175441066 10.144855477592941
2.774534629964156 3.715919656516946
17.134106886479877 11.308638121202403
4.2084387563553545 5.6878551076657535
19.610364139738014 3.5081623487928404
14.020461128696462 19.58725390910211
17.113839941354502 1.9131116752216726
14.009442916530034 11.020082777632433
11.697915268385975 14.132302088570603
17.317026276661846 4.899620377370177
7.331189698716556 4.442025418258362
0.7159080276325058 7.386754476269079
4.543448473785645 19.05369180355767
6.619785950191686 16.15748202006101
7.054387088117555 5.399887786709541
4.185737618518425 11.986491531938308
15.781190136099585 16.093768318663052
4.836782939188595 0.27401380181011004
1.8906317858701827 6.517460233054376
19.11441837470012 16.056388056981945
2.455863516516794 13.92095764408743
18.9779534861949 6.9790785302549825
9.797615056517637 5.4637504258010505
12.499489010751816 7.674158673230789
8.734039675365866 2.8072253040282735
6.360435724932918 7.472566440758821
14.73298554041513 11.666649573063
5.637474569551877 13.594700553143362
0.3549962513761806 6.157331163852651
0.2229147657719098 15.401223599764954
7.394876734756628 19.820335904666273
11.356421380104688 3.9492132132681146
7.77419618115053 17.88891365911294
6.902124646944463 1.7370844375347616
17.50662273848949 8.657573276729675
2.1871489067042993 8.6349852985587
4.952524142415678 15.74153078847238
15.924633703328537 11.73565002157134
7.09879367443712 17.565023804375656
10.176348505776033 19.223984492667846
15.744396823427792 5.592780538741486
0.9670375949314103 1.3519188878198318
19.24166320296917 18.61970572168776
4.044653816820065 15.2183697765274
4.837875414367727 16.859624676825238
5.137687589973083 14.292410103795696
1.681248034201257 6.624717609746773
14.392806098270643 18.481051292492403
15.199907896997187 14.06304528230459
0.6330746194150727 6.031294768463374
9.832031704052127 14.72235736064081
2.6590387876601285 4.669425828041862
18.979817160446924 14.63415452818509
2.021997442890171 6.118765639238659
18.57950283538549 8.162753591014349
14.530811600447262 5.500412431256068
13.824174291325411 8.03988633847817
16.21063946619269 15.109765412273987
17.345638179969463 13.806147558806234
3.5140099532369673 0.6749058902618654
1.556166062473343 16.306389089043304
17.291678228947966 17.44120468750441
7.8704426320758 7.93693271691724
15.362746433250434 3.2897873410152823
11.172594329424681 1.0182552819256818
19.480553443725185 16.585789697578637
9.162685003113765 9.967596961002966
9.072876970528888 7.565601539974334
13.11162544860792 6.871698269909176
6.34201775422389 3.810585318723343
19.0729433872485 14.610675748213911
15.142367391648573 12.718037234810717
16.744418038616743 16.85981598483281
19.510096242809873 16.868439850164357
6.942094884085305 0.24684937216118516
16.801625544627687 1.8013298554680235
8.043748837711487 19.168054279587924
15.104578706019167 9.950399017303905
16.778365147497304 15.01730911121864
4.916937207000256 19.351713272960406
9.382772578472768 10.858006410077127
1.0471699832478132 1.2272265955692174
5.416069397434155 11.368514359568936
2.2701121750525655 16.65904416955607
8.417025350967492 8.417659329901344
13.480425188466727 9.308165517630972
5.109169751520821 16.377469481417894
17.917486047766083 18.494728896983347
8.002811696685333 0.25622853946237534
15.492590510819348 14.94505641387204
5.012767251250507 0.685639070517563
17.331385742590292 10.124069064734806
14.105091014081966 1.221693503351866
6.351478371092423 9.309946405723736
11.005664019405362 5.469636166875191
19.02719397478809 8.431159460397383
3.647989659907289 14.219162115680605
14.450501325207814 15.174307336924217
8.307110496241869 16.076799877614402
13.379133999510648 5.984459759490441
19.261067589188364 9.008193959600863
12.16998947841223 12.317989258770458
16.340869167761056 14.753789950319945
4.3278998645664 1.8711627488920857
2.874460404615591 13.25720145294415
15.856914460208229 3.496036848080337
10.299717333192639 10.046326219726494
19.683256006238437 18.128489014997456
5.116023125004563 15.93305460291358
19.1261472569008 2.291492636785304
8.863513321467469 5.448193770560305
0.7247354594285405 5.600028883538486
12.463602951081361 8.104019935647354
12.686374888953837 9.182308622394096
12.523954515260275 14.87764188640579
6.803555895122093 8.045257538895193
19.10555973867152 11.23415023388418
8.89380099485663 7.150498035863347
1.9691481651099885 17.559300160603254
15.648883799533433 18.33035141139705
15.462669355155905 8.047258777791033
14.23675128538115 13.161646302918218
10.98112052097899 9.889736709806021
5.0815667529839725 5.528426545038123
10.32452400991371 16.038591592940218
17.954316529522483 6.842907461929233
13.299394055443727 16.86478410137733
6.838463377814503 16.75732658706958
8.553561009325543 8.712339894158
9.992150310712875 2.6876141640967344
7.903750110239356 10.646759872406186
8.210494638674383 2.583082452997838
11.309845798974168 14.62309743754666
6.49855138338112 17.114622899689238
12.169307783432089 8.849700546000054
2.197537272803902 19.817175331765483
10.749727183559141 9.299405118413889
6.063956064086426 6.710520340912877
17.347044584580658 10.120741238039944
11.88329182533761 10.535718677143874
16.15149908082483 0.27749721316610565
4.906959311427572 18.982815276378865
5.822875519057367 9.595764379415781
19.733245322186853 1.1486915951726484
13.42118714705288 9.273378340866174
4.209997826571918 1.9522454550132196
14.608428794877181 1.8074348947780283
17.518852263844217 10.34734717129047
4.9315885209424914 4.72135701640624
7.807815765756083 3.912314724667376
14.516630193845359 3.6237607110194525
17.571064850515768 19.757915182982003
1.6476849605805866 14.507155781287793
13.431837008871256 19.684197680889355
19.475230575081767 14.795289231000488
11.066332098610257 6.129734513502784
4.491563133754841 4.223730787505473
5.713572473100372 4.6951270621024594
5.431395854301377 18.689075218465025
4.04819384160805 18.88592890105413
16.899958014974892 2.8779176912828586
4.150183584499585 3.208392314966153
3.300487221386552 10.787541011461276
6.8875974709775285 11.864760891934871
15.527550616257331 7.176035689075473
4.235332631665325 2.033076636106579
15.412155558990575 7.530352142250765
17.885059088825006 3.0797819533788884
11.049140624399744 19.31656848974021
14.958436495019473 6.041653910445628
9.906875291510627 13.077437178635538
6.717794692771748 1.326906909082588
16.013821744532347 18.368053310228337
0.8754570090513636 16.823571511211554
12.536043564320654 6.571275013698237
8.434950068289876 3.4665382527235766
1.7042858361021063 10.310298327829042
1.9543481763393755 0.8029461933128412
0.3187674494048798 17.476576183710943
3.704047111375317 11.208862691021812
10.954375743462442 6.817055354983892
9.398287381214788 18.148495319868086
6.5084658223404945 1.575477119870734
6.011779280103093 1.2304486008882787
18.878016930536987 7.858273683128836
0.6498139511345014 8.803827822352915
11.322412034037335 15.196381513210023
1.5222755370708785 7.450264517038363
18.46265214306719 8.200056050131277
1.7790014685672206 16.966225031772172
17.887339700846354 10.25456933746736
12.29596324610188 19.29324867571942
12.9803001182039 12.880449085278114
10.45878822454101 0.3420293738191127
17.85423877952598 17.682693851186897
18.5721465539924 4.7695528601735715
2.169368972452108 11.739185461091996
17.730590279505844 15.506771214441333
16.135465591782644 11.829301577958478
0.8184347439886297 12.197582079823416
14.140345138717286 8.079506976687851
11.76332405585647 15.698157660228173
9.21729113365399 13.403490966706663
7.250140817068331 9.398960630370564
19.808483864102563 1.5401931035159255
11.808960096548597 2.3700454044006114
16.50101744392709 13.543841899720006
17.522773015794623 4.193547407899216
12.856628546704513 10.25591959884338
5.557737745374314 16.835526638224753
9.125779065291228 6.589733985502986
18.300751616758085 15.022621934466498
19.031280005673572 2.3840721648555663
8.096160744202066 3.3272508636880826
5.726162501661438 4.133185953153655
11.405465510735757 5.528372759956673
11.975044601914606 12.07613931169416
5.670900373503221 19.803109094062144
9.577762642523242 7.929335426453852
0.2458058139664021 1.9178071644836558
7.298580664565875 19.821811935510695
12.46173700931821 17.825400744993363
6.5838047363981245 4.243687371061464
5.234289986589387 16.9392115909448
19.845177952084864 3.2939106406088303
13.566651076765055 17.841617302337962
8.555955503640092 7.214254516305221
3.8919096783329765 9.2992842652077
11.101082897556617 5.622272042044145
12.402206939230245 11.194957555953023
11.242450033511908 3.806716405843684
16.34482337709161 12.349067496382052
15.704705112111125 1.4247092663020022
5.722337276077731 5.192707144555085
1.5566564166236674 17.94071814351477
1.9160197789090083 10.86680364785577
9.257822217402135 15.42318518799121
14.458664782493464 12.560601820218375
13.459204310647388 16.36544130009034
17.515076978320142 9.76584033439639
14.141916245859802 1.8733063186050347
3.5854808142417594 11.611305836519517
16.946805499866432 3.8625631298789864
13.529140864371573 3.5557086869853327
13.44275733856501 13.83528169674019
9.212507827172992 8.455122335703393
9.600887133043791 0.35473611585675524
7.918252738656357 0.38450038969774614
3.886367532422903 17.51445395076727
16.108567767456254 17.581068181958347
5.149164061040272 17.497708015582347
4.218144921323015 19.490670459539277
4.8894840917738485 11.749541369913645
13.859288477782915 2.136433543442411
18.49327706814275 17.334211893379265
4.153630636104541 5.892385066053192
5.677652940945121 17.726703370158642
4.86196237789928 0.23295345474237283
11.655619991266448 0.5877467580762463
10.565719308290706 11.142548663178232
17.424070609800268 8.997569233983375
2.360693508027807 8.607715983744097
10.098479689770734 17.17437575859097
1.3555732848883717 13.977623322671235
2.3623053978010566 16.87933938113117
1.724948534639592 19.81693110535205
3.8686191616214627 16.510669262170993
0.29843755792795845 19.68837767081881
16.826019893929253 11.315096814246765
13.174644379870507 15.340685055048098
13.020420467070295 0.19591127391506147
14.380663119520726 2.0406814469959444
10.168820640599968 2.2724455961424606
9.154892991426893 17.77680888408744
1.7707214808743488 4.646704718027266
16.512954784566965 16.574475188180365
6.51735812199507 11.758606999013605
4.563527122588072 18.701980177868936
10.838463581261454 6.26208673785831
9.072959192336539 19.109038061526334
1.3108062922154828 11.530092715549038
13.034537920952843 13.27818800038215
2.4222802733508453 6.697293260476702
19.230330230321215 8.282679027769923
9.579843482576392 6.575086219293659
7.480542980130762 6.082683155512257
17.269152646919654 0.8242871120678297
13.607382376173812 15.95497987099911
7.918256899898344 9.446652111243647
18.097414013897687 13.439540400838041
8.287248702214798 14.957179244149103
9.028472330377399 14.29970708192208
17.100305519128597 15.524900516717906
6.0341865323066335 13.73095783394799
0.15608272550187818 7.920670320909302
19.761222266680278 13.416526345573468
17.296952704297965 14.286233671055282
15.93138053026185 2.0164151695265042
9.387110406946132 12.539631051789403
8.002712704976116 8.289641537975163
12.844106788414596 16.657794754635393
15.530849352640745 10.287820150548772
4.287890667110665 0.277951946880136
5.163773383837853 18.92147693251858
8.515984373567038 3.535249543039629
15.560291855947618 19.68876615294083
9.282935100073441 15.554786392683157
4.904497008140815 12.46954165692038
4.25672877038513 5.542021379885038
8.095544881572273 16.026025607683362
3.0443740622972526 15.46630982819567
3.374092179043111 1.2145836276244526
0.3234026594678463 9.108104226694802
6.603785647207772 4.901405726982886
4.885559272172875 7.241122346132462
15.508212749722608 15.188176621862098
9.793484860729189 8.946588155417894
15.870764498767507 7.792088923314651
8.870734482567105 11.257417648256773
17.036880957219733 13.28784845930128
0.3899928264687169 12.006004901626259
5.015199268483618 5.407585749065409
10.093891856121601 14.05004821283139
8.056130993961046 1.7078875459975706
12.577356720804229 2.976637231733694
1.7934515325152467 19.651424086684933
12.579945754645895 4.935601705545953
18.866497670881756 13.513946928448586
5.881173108772533 6.428902275462114
11.397609308226135 10.51569958585377
13.261344701594345 13.683627581640192
3.7814787728730903 8.189571934593577
10.384956220120383 5.661944381260778
7.950106766261353 9.23661152461095
1.4832468214710715 11.81212369517263
13.609088754926955 14.982776659036114
5.357020324521152 3.3405537553802156
11.89799670589748 14.039112220193013
18.490388008814538 5.085422310189354
2.509636999063758 8.880794922296706
11.960611928297375 13.998545101201934
11.510013670365032 19.798789547168077
6.3487599349671235 9.792587266893346
9.932848727450637 13.041128726199034
12.000418325838996 3.486711178421147
11.679536745094932 17.949114413906628
0.7552320626646214 10.384460952510853
3.3374592585985874 6.507023262463805
9.65858179562187 15.443485945718418
18.23659304483167 7.962171413868213
7.18823432961609 1.0474705947811702
12.396402533266366 1.0354859831842234
18.173333904075793 9.866434441691665
10.972014061808794 6.731001969548364
4.852632137911641 18.792335060963712
10.39071997759969 15.865986389849276
18.413390085054303 3.862700044370877
3.5768785793603586 7.1816854871338975
7.871913737695648 0.6357833194164608
3.4953161435632296 4.25794704604312
1.3012143387955533 9.656530883446969
13.700362220779478 2.4432787500025466
18.180818810722318 2.4534184450706675
13.659684660996511 10.625163513567994
11.038289002720031 9.932009340014583
11.329120632275023 16.90374398649835
9.571529683335678 2.0818492037036007
5.786729600246783 2.095271912757637
11.085512103941507 15.589116987784715
18.691330095127896 10.479987181223196
7.346554123502429 14.248211920463323
14.912807120814385 3.322389736788056
19.70184487787318 15.991248628765755
19.738513310956037 7.430133041962428
13.031420406381748 9.905213161209119
14.092115038161104 8.381056816391295
8.044336284142087 16.782309416496545
3.4582707279224634 6.036161320728796
8.60031226195597 17.54981220683132
8.688549670687465 8.569596551349383
14.632651425530598 5.351518107561565
6.071047088946475 10.485029559938132
19.667771988798386 9.103673402079288
7.778161622342874 19.80103130871989
3.3812242936586667 9.024036576392023
10.564055804926529 11.276406515166183
2.0995857874454438 17.933508700165795
8.36533030990948 19.459667782833506
6.902165770439188 16.055558915884102
16.51548651269813 5.4851432626509595
1.4959895812276147 1.5894391435720623
13.115783675017207 3.401481597655145
10.182043881753106 14.508976533547855
6.56211827172365 13.206603411769407
0.1503139973861188 6.839499923658472
7.309592873708823 7.176427526373388
10.535670659643658 9.091252714729665
16.663472550922528 11.512982559896567
9.886188447901528 19.578411352005872
5.717255419602303 10.050797009217554
15.940014248604129 1.0286226155868672
3.5156148995820624 12.248736472725161
18.376441609312973 7.188742323243417
5.102005365154387 13.807749493378898
8.7013615225502 1.0582511142761875
7.317750033581721 14.993247382395609
13.14681183345461 5.9325923275782415
3.051467424339731 9.104144193418328
6.408859235782812 10.61447029448747
13.09471639965053 11.51884952564221
2.9675977848423107 10.951916357608644
8.841779167123157 8.361792984584334
17.127557931451285 11.28772258228503
18.778520627553725 3.0723440593635565
12.93637520460106 11.455615638392276
17.037313239212207 9.021264752713773
10.784079329253736 7.634331459399684
3.2520246384507656 16.80812253867191
18.754901603004125 18.671523144711006
19.529116435898544 15.98636265819734
13.698040505592788 13.415230989340275
12.557920007868058 12.70102864779481
9.503335227549293 19.14140519537614
16.71519654039411 17.087398230182966
18.21235096856364 16.341772354177397
7.476109355074194 17.267078709988166
13.364893833933598 10.937104661248679
13.525780162969859 10.391393732277008
4.375513705818374 1.4067361051707383
0.6726199695695168 5.420172305961781
5.754080053886604 5.375955570480122
10.996665189734056 7.187328818301082
15.629052417159572 17.878677116777872
16.623177046070087 16.792910397732747
4.301591287631479 1.8135858559634221
9.093793610555352 19.474563366399163
15.453191688570453 0.18771947332177782
12.514557715384251 17.84965362851217
0.2990503026655277 8.092241157743445
1.4921708681649681 5.782559811621841
16.923912170522943 16.730936771516824
3.326857563898693 6.119936556412895
0.15666835715324332 4.22274806450424
8.012256752885191 14.150025391388235
2.1345106465147667 9.825434621095614
19.299785613665723 17.880374515897294
18.426980754913902 11.878247471708345
15.41695085577466 6.091609693892992
13.434783627409857 6.637262929121057
8.986121392959639 5.613177821671389
4.747762925006458 17.277820165795706
2.272297157602816 10.380269728220238
3.440966294684169 16.414284137957566
6.095451410398461 16.56940300539867
14.157269168067916 0.18812801044843272
8.575038962082605 0.4734371611738508
15.769544981116372 5.951123661381246
