0.0 1.0 0.0
0.00962 0.9865822522664377 0.0
0.01924 0.9603160606920685 0.0
0.028860000000000004 0.9217246020402777 0.0
0.03848000000000001 0.8714867687157121 0.0
0.04810000000000001 0.8104259856262154 0.0
0.057720000000000014 0.7394973498440599 0.0
0.06734000000000001 0.6597732073427212 0.0
0.07696 0.5724273787811425 0.0
0.08657999999999999 0.47871826124598527 0.0
0.09619999999999998 0.37997104459755593 0.0
0.10581999999999997 0.27755928948680836 0.0
0.11543999999999996 0.17288611915325644 0.0
0.12505999999999995 0.06736527875654688 0.0
0.13467999999999997 -0.037597685737222046 0.0
0.14429999999999998 -0.14062388213041907 0.0
0.15392 -0.24037892127660426 0.0
0.16354000000000002 -0.3355899335891875 0.0
0.17316000000000004 -0.4250615394160671 0.0
0.18278000000000005 -0.5076905766669108 0.0
0.19240000000000007 -0.5824794081938292 0.0
0.2020200000000001 -0.6485476526227717 0.0
0.2116400000000001 -0.7051422053034687 0.0
0.22126000000000012 -0.7516454404623819 0.0
0.23088000000000014 -0.7875815111635206 0.0
0.24050000000000016 -0.8126206899538733 0.0
0.2501200000000002 -0.8265817197362285 0.0
0.25974000000000014 -0.8294321711146625 0.0
0.2693600000000001 -0.8212868288437047 0.0
0.27898000000000006 -0.8024041557369668 0.0
0.2886 -0.7731809071240606 0.0
0.29822 -0.7341449923728521 0.0
0.30783999999999995 -0.6859467018258889 0.0
0.3174599999999999 -0.6293484374687335 0.0
0.32707999999999987 -0.5652131035156879 0.0
0.33669999999999983 -0.49449132865781437 0.0
0.3463199999999998 -0.41820770479537156 0.0
0.35593999999999976 -0.3374462375331028 0.0
0.3655599999999997 -0.25333521145006943 0.0
0.3751799999999997 -0.16703167810111616 0.0
0.38479999999999964 -0.07970577683751838 0.0
0.3944199999999996 0.0074749021396379005 0.0
0.40403999999999957 0.0933607065108663 0.0
0.41365999999999953 0.17683486247700336 0.0
0.4232799999999995 0.2568277760893599 0.0
0.43289999999999945 0.3323305151241049 0.0
0.4425199999999994 0.40240730465023095 0.0
0.4521399999999994 0.4662068847586404 0.0
0.46175999999999934 0.5229725960296328 0.0
0.4713799999999993 0.5720510769667766 0.0
0.48099999999999926 0.612899477549292 0.0
0.4906199999999992 0.6450911139719868 0.0
0.5002399999999992 0.6683195112615541 0.0
0.5098599999999992 0.6824008024854044 0.0
0.5194799999999992 0.6872744754076169 0.0
0.5290999999999991 0.6830024794020614 0.0
0.5387199999999991 0.6697667269177681 0.0
0.548339999999999 0.6478650445288319 0.0
0.557959999999999 0.617705648326861 0.0
0.567579999999999 0.5798002368815227 0.0
0.5771999999999989 0.5347558119774024 0.0
0.5868199999999989 0.4832653526292228 0.0
0.5964399999999989 0.42609748130359437 0.0
0.6060599999999988 0.364085272682169 0.0
0.6156799999999988 0.2981143645653601 0.0
0.6252999999999987 0.22911053754469435 0.0
0.6349199999999987 0.1580269348031931 0.0
0.6445399999999987 0.08583109580596188 0.0
0.6541599999999986 0.013491977717608811 0.0
0.6637799999999986 -0.058032863839825435 0.0
0.6733999999999986 -0.12780976753417603 0.0
0.6830199999999985 -0.1949409720277827 0.0
0.6926399999999985 -0.25857598272802984 0.0
0.7022599999999984 -0.3179221581971324 0.0
0.7118799999999984 -0.3722543870825427 0.0
0.7214999999999984 -0.4209237402152523 0.0
0.7311199999999983 -0.4633649976438113 0.0
0.7407399999999983 -0.499102966609033 0.0
0.7503599999999983 -0.5277575235882846 0.0
0.7599799999999982 -0.5490473313106095 0.0
0.7695999999999982 -0.5627921998210244 0.0
0.7792199999999981 -0.5689140790085089 0.0
0.7888399999999981 -0.567436688263054 0.0
0.7984599999999981 -0.5584838068527462 0.0
0.808079999999998 -0.5422762659798958 0.0
0.817699999999998 -0.5191277000638959 0.0
0.827319999999998 -0.48943913039937953 0.0
0.8369399999999979 -0.45369246875879493 0.0
0.8465599999999979 -0.41244304157444345 0.0
0.8561799999999978 -0.3663112468923069 0.0
0.8657999999999978 -0.31597346620666095 0.0
0.8754199999999978 -0.2621523614520397 0.0
0.8850399999999977 -0.20560669376368892 0.0
0.8946599999999977 -0.14712080506069306 0.0
0.9042799999999976 -0.08749390602474127 0.0
0.9138999999999976 -0.02752931463514336 0.0
0.9235199999999976 0.031976211904055474 0.0
0.9331399999999975 0.09024291220243731 0.0
0.9427599999999975 0.1465180880388978 0.0
0.9523799999999975 0.20008567609093283 0.0
0.9619999999999974 0.25027520439636647 0.0
0.9716199999999974 0.2964700236754555 0.0
0.9812399999999973 0.3381147147277626 0.0
0.9908599999999973 0.374721585357483 0.0
1.0004799999999974 0.405876183495541 0.0
1.0100999999999973 0.43124176718880153 0.0
1.0197199999999973 0.45056268672039523 0.0
1.0293399999999973 0.4636666491095381 0.0
1.0389599999999972 0.4704658504110386 0.0
1.0485799999999972 0.47095697639093115 0.0
1.0581999999999971 0.4652200870953622 0.0
1.067819999999997 0.4534164153605765 0.0
1.077439999999997 0.4357851232462755 0.0
1.087059999999997 0.4126390735368694 0.0
1.096679999999997 0.38435968568192685 0.0
1.106299999999997 0.35139095668977705 0.0
1.115919999999997 0.314232737414407 0.0
1.1255399999999969 0.27343336327109835 0.0
1.1351599999999968 0.22958174558537317 0.0
1.1447799999999968 0.18329903544763537 0.0
1.1543999999999968 0.13522997605813017 0.0
1.1640199999999967 0.08603406207051606 0.0
1.1736399999999967 0.03637662536591492 0.0
1.1832599999999966 -0.013080033977474871 0.0
1.1928799999999966 -0.061685354980619334 0.0
1.2024999999999966 -0.10880894852257386 0.0
1.2121199999999965 -0.15384864793319927 0.0
1.2217399999999965 -0.19623807631582377 0.0
1.2313599999999965 -0.23545363726709656 0.0
1.2409799999999964 -0.27102084455866293 0.0
1.2505999999999964 -0.3025199162359794 0.0
1.2602199999999963 -0.3295905693293015 0.0
1.2698399999999963 -0.35193596280709266 0.0
1.2794599999999963 -0.36932574837222587 0.0
1.2890799999999962 -0.3815982010409107 0.0
1.2986999999999962 -0.3886614139852131 0.0
1.3083199999999962 -0.3904935546939075 0.0
1.3179399999999961 -0.38714219194666705 0.0
1.327559999999996 -0.3787227152407525 0.0
1.337179999999996 -0.3654158800010466 0.0
1.346799999999996 -0.34746452299525643 0.0
1.356419999999996 -0.32516950272810996 0.0
1.366039999999996 -0.29888492907478714 0.0
1.3756599999999959 -0.2690127549212186 0.0
1.3852799999999958 -0.23599681000830347 0.0
1.3948999999999958 -0.2003163634451911 0.0
1.4045199999999958 -0.16247930639667443 0.0
1.4141399999999957 -0.12301505021172643 0.0
1.4237599999999957 -0.08246723771211714 0.0
1.4333799999999957 -0.04138636648745891 0.0
1.4429999999999956 -3.224228492242627E-4 0.0
1.4526199999999956 0.040182376398050924 0.0
1.4622399999999955 0.07960063996744214 0.0
1.4718599999999955 0.1174265654477205 0.0
1.4814799999999955 0.1531823246810535 0.0
1.4910999999999954 0.18642399199630882 0.0
1.5007199999999954 0.21674694325890392 0.0
1.5103399999999954 0.2437906616769725 0.0
1.5199599999999953 0.2672428950192022 0.0
1.5295799999999953 0.2868431182267972 0.0
1.5391999999999952 0.30238526520903664 0.0
1.5488199999999952 0.3137197037626956 0.0
1.5584399999999952 0.32075443791137165 0.0
1.5680599999999951 0.3234555323818951 0.0
1.577679999999995 0.32184676428294595 0.0
1.587299999999995 0.31600851719005785 0.0
1.596919999999995 0.3060759426402945 0.0
1.606539999999995 0.2922364233742513 0.0
1.616159999999995 0.27472638141574063 0.0
1.625779999999995 0.2538274821429148 0.0
1.6353999999999949 0.2298622927816165 0.0
1.6450199999999948 0.2031894601570722 0.0
1.6546399999999948 0.17419847800101487 0.0
1.6642599999999947 0.1433041185687522 0.0
1.6738799999999947 0.11094060672947216 0.0
1.6834999999999947 0.07755561702255896 0.0
1.6931199999999946 0.04360417540691398 0.0
1.7027399999999946 0.00954254756796176 0.0
1.7123599999999946 -0.02417780529860352 0.0
1.7219799999999945 -0.05711612430885611 0.0
1.7315999999999945 -0.08884802841759322 0.0
1.7412199999999944 -0.11897089572719721 0.0
1.7508399999999944 -0.1471088835287716 0.0
1.7604599999999944 -0.1729175257181454 0.0
1.7700799999999943 -0.19608785265399303 0.0
1.7796999999999943 -0.21634998558747714 0.0
1.7893199999999942 -0.2334761653904507 0.0
1.7989399999999942 -0.24728318333464544 0.0
1.8085599999999942 -0.25763419001553833 0.0
1.8181799999999941 -0.26443986705721045 0.0
1.827799999999994 -0.2676589548628791 0.0
1.837419999999994 -0.2672981382747433 0.0
1.847039999999994 -0.26341130046314165 0.0
1.856659999999994 -0.25609816356903436 0.0
1.866279999999994 -0.24550234247057326 0.0
1.875899999999994 -0.23180884543526256 0.0
1.8855199999999939 -0.21524106226256615 0.0
1.8951399999999938 -0.19605728673489228 0.0
1.9047599999999938 -0.17454682570426072 0.0
1.9143799999999938 -0.15102575188450396 0.0
1.9239999999999937 -0.1258323613424482 0.0
1.9336199999999937 -0.0993223997455667 0.0
1.9432399999999936 -0.07186412359941403 0.0
1.9528599999999936 -0.04383326397918207 0.0
1.9624799999999936 -0.015607960621586823 0.0
1.9720999999999935 0.012436266296302588 0.0
1.9817199999999935 0.039931440786252666 0.0
1.9913399999999934 0.06652188845369482 0.0
2.0009599999999934 0.09186876612787453 0.0
2.0105799999999934 0.115654307006632 0.0
2.0201999999999933 0.1375857291412171 0.0
2.0298199999999933 0.15739876024961755 0.0
2.0394399999999933 0.1748607375601312 0.0
2.049059999999993 0.18977324756732514 0.0
2.058679999999993 0.20197427714203947 0.0
2.068299999999993 0.21133985428386526 0.0
2.077919999999993 0.21778516384416463 0.0
2.087539999999993 0.22126513068456935 0.0
2.097159999999993 0.22177446987438035 0.0
2.106779999999993 0.21934721057607492 0.0
2.116399999999993 0.21405570712940777 0.0
2.126019999999993 0.20600915743326223 0.0
2.135639999999993 0.19535165495717385 0.0
2.145259999999993 0.18225980651385823 0.0
2.154879999999993 0.16693995321946578 0.0
2.1644999999999928 0.14962503679662129 0.0
2.1741199999999927 0.1305711574819058 0.0
2.1837399999999927 0.11005387323858351 0.0
2.1933599999999926 0.08836429271079711 0.0
2.2029799999999926 0.06580501636066774 0.0
2.2125999999999926 0.04268598148827477 0.0
2.2222199999999925 0.01932026733997201 0.0
2.2318399999999925 -0.003980083733422774 0.0
2.2414599999999925 -0.026908174086845506 0.0
2.2510799999999924 -0.04916623427056633 0.0
2.2606999999999924 -0.07046943128348092 0.0
2.2703199999999923 -0.09054945368787852 0.0
2.2799399999999923 -0.1091578292883076 0.0
2.2895599999999923 -0.12606893521771823 0.0
2.2991799999999922 -0.14108266488827595 0.0
2.308799999999992 -0.15402672128466213 0.0
2.318419999999992 -0.16475851143240944 0.0
2.328039999999992 -0.17316662248754486 0.0
2.337659999999992 -0.1791718656888186 0.0
2.347279999999992 -0.18272788031104398 0.0
2.356899999999992 -0.18382129567825964 0.0
2.366519999999992 -0.1824714551600289 0.0
2.376139999999992 -0.17872971180650504 0.0
2.385759999999992 -0.17267831080400795 0.0
2.395379999999992 -0.16442887918260582 0.0
2.404999999999992 -0.1541205481150195 0.0
2.4146199999999918 -0.1419177376519258 0.0
2.4242399999999917 -0.12800763778842614 0.0
2.4338599999999917 -0.11259742330282882 0.0
2.4434799999999917 -0.09591124281202668 0.0
2.4530999999999916 -0.07818702491541694 0.0
2.4627199999999916 -0.059673146127336936 0.0
2.4723399999999915 -0.04062500651045256 0.0
2.4819599999999915 -0.0213015595118691 0.0
2.4915799999999915 -0.001961842470698172 0.0
2.5011999999999914 0.017138446380613327 0.0
2.5108199999999914 0.03575027984175158 0.0
2.5204399999999914 0.05363449983206209 0.0
2.5300599999999913 0.07056484123011386 0.0
2.5396799999999913 0.08633074391150489 0.0
2.5492999999999912 0.10073991874422826 0.0
2.558919999999991 0.1136206370208923 0.0
2.568539999999991 0.12482371687919805 0.0
2.578159999999991 0.13422418462769983 0.0
2.587779999999991 0.14172259349131258 0.0
2.597399999999991 0.14724598705637257 0.0
2.607019999999991 0.15074849956305034 0.0
2.616639999999991 0.1522115900978454 0.0
2.626259999999991 0.15164391261545854 0.0
2.635879999999991 0.149080828503511 0.0
2.645499999999991 0.14458357303343075 0.0
2.655119999999991 0.1382380914573088 0.0
2.664739999999991 0.13015356465823436 0.0
2.6743599999999907 0.12046064808943824 0.0
2.6839799999999907 0.10930945119933827 0.0
2.6935999999999907 0.09686728759457659 0.0
2.7032199999999906 0.08331622880659592 0.0
2.7128399999999906 0.06885049667075151 0.0
2.7224599999999906 0.0536737309785329 0.0
2.7320799999999905 0.03799617020810628 0.0
2.7416999999999905 0.0220317837679181 0.0
2.7513199999999904 0.005995394301276379 0.0
2.7609399999999904 -0.00990017179776456 0.0
2.7705599999999904 -0.025446868402985462 0.0
2.7801799999999903 -0.040444112330743826 0.0
2.7897999999999903 -0.054701330623564 0.0
2.7994199999999902 -0.06804034065089663 0.0
2.80903999999999 -0.08029753388001737 0.0
2.81865999999999 -0.0913258371634267 0.0
2.82827999999999 -0.10099642868692146 0.0
2.83789999999999 -0.10920018927699254 0.0
2.84751999999999 -0.11584887352688766 0.0
2.85713999999999 -0.12087598911505565 0.0
2.86675999999999 -0.12423737670394097 0.0
2.87637999999999 -0.12591148686682846 0.0
2.88599999999999 -0.12589935454139387 0.0
2.89561999999999 -0.12422427549740478 0.0
2.90523999999999 -0.12093119318080055 0.0
2.91485999999999 -0.11608580800753664 0.0
2.9244799999999898 -0.1097734246813308 0.0
2.9340999999999897 -0.10209755635643739 0.0
2.9437199999999897 -0.09317830742039054 0.0
2.9533399999999896 -0.08315055929730229 0.0
2.9629599999999896 -0.0721619859395922 0.0
2.9725799999999896 -0.06037092755993104 0.0
2.9821999999999895 -0.047944152636073226 0.0
2.9918199999999895 -0.03505453928509939 0.0
3.0014399999999894 -0.021878707742061066 0.0
3.0110599999999894 -0.008594635888514151 0.0
3.0206799999999894 0.004620710437960203 0.0
3.0302999999999893 0.017593701252759053 0.0
3.0399199999999893 0.030156290284088626 0.0
3.0495399999999893 0.04214815823173746 0.0
3.059159999999989 0.0534187245477802 0.0
3.068779999999989 0.06382900296776446 0.0
3.078399999999989 0.07325327842483595 0.0
3.088019999999989 0.0815805856456497 0.0
3.097639999999989 0.08871597261697482 0.0
3.107259999999989 0.09458153518437931 0.0
3.116879999999989 0.09911721225619095 0.0
3.126499999999989 0.1022813343927314 0.0
3.136119999999989 0.10405092191762662 0.0
3.145739999999989 0.10442173204977924 0.0
3.155359999999989 0.10340805787687095 0.0
3.164979999999989 0.10104228523069897 0.0
3.1745999999999888 0.09737421663958652 0.0
3.1842199999999887 0.09247017448410066 0.0
3.1938399999999887 0.08641189823263182 0.0
3.2034599999999886 0.07929525314945678 0.0
3.2130799999999886 0.07122877011970068 0.0
3.2226999999999886 0.062332038197011344 0.0
3.2323199999999885 0.05273397312883712 0.0
3.2419399999999885 0.04257098643345756 0.0
3.2515599999999885 0.031985080579452964 0.0
3.2611799999999884 0.021121896443915922 0.0
3.2707999999999884 0.010128739496956675 0.0
3.2804199999999883 -8.473889217878301E-4 0.0
3.2900399999999883 -0.01166172929793734 0.0
3.2996599999999883 -0.022173645437480936 0.0
3.3092799999999882 -0.03224842567899498 0.0
3.318899999999988 -0.04175898113069401 0.0
3.328519999999988 -0.0505874199116713 0.0
3.338139999999988 -0.058626478303060135 0.0
3.347759999999988 -0.06578079186702311 0.0
3.357379999999988 -0.07196799193792808 0.0
3.366999999999988 -0.07711961539713302 0.0
3.376619999999988 -0.08118181827515726 0.0
3.386239999999988 -0.08411588644617055 0.0
3.395859999999988 -0.08589853945252013 0.0
3.405479999999988 -0.08652202628410292 0.0
3.415099999999988 -0.08599401470176168 0.0
3.4247199999999878 -0.08433727839933522 0.0
3.4343399999999877 -0.0815891889105934 0.0
3.4439599999999877 -0.07780102165182641 0.0
3.4535799999999877 -0.07303708781725747 0.0
3.4631999999999876 -0.06737370598414703 0.0
3.4728199999999876 -0.060898029211751206 0.0
3.4824399999999875 -0.053706745110642176 0.0
3.4920599999999875 -0.04590466779716246 0.0
3.5016799999999875 -0.03760324181645342 0.0
3.5112999999999874 -0.028918979004833985 0.0
3.5209199999999874 -0.019971849860444996 0.0
3.5305399999999874 -0.010883651296085532 0.0
3.5401599999999873 -0.0017763726600418565 0.0
3.5497799999999873 0.0072294183666872115 0.0
3.5593999999999872 0.01601614894739982 0.0
3.569019999999987 0.02447075312099105 0.0
3.578639999999987 0.03248610355274605 0.0
3.588259999999987 0.03996234519285586 0.0
3.597879999999987 0.046808114571051024 0.0
3.607499999999987 0.05294163018972843 0.0
3.617119999999987 0.058291641380176076 0.0
3.626739999999987 0.06279822502954337 0.0
3.636359999999987 0.06641342174113958 0.0
3.645979999999987 0.06910170522746954 0.0
3.655599999999987 0.07084028102346115 0.0
3.665219999999987 0.07161921291567706 0.0
3.674839999999987 0.07144137778116089 0.0
3.6844599999999867 0.07032225178673647 0.0
3.6940799999999867 0.06828953308679828 0.0
3.7036999999999867 0.06538260824696898 0.0
3.7133199999999866 0.06165187158619912 0.0
3.7229399999999866 0.05715790844668762 0.0
3.7325599999999866 0.05197055504744631 0.0
3.7421799999999865 0.046167849034004796 0.0
3.7517999999999865 0.039834886087015506 0.0
3.7614199999999864 0.03306259898268837 0.0
3.7710399999999864 0.025946476297471658 0.0
3.7806599999999864 0.01858523851080431 0.0
3.7902799999999863 0.01107948957894533 0.0
3.7998999999999863 0.003530362128945378 0.0
3.8095199999999863 -0.0039618257429054225 0.0
3.819139999999986 -0.011298884483860619 0.0
3.828759999999986 -0.018386020951277574 0.0
3.838379999999986 -0.025133044017744705 0.0
3.847999999999986 -0.03145549284313413 0.0
3.857619999999986 -0.03727567397028238 0.0
3.867239999999986 -0.04252359479536147 0.0
3.876859999999986 -0.047137782503679976 0.0
3.886479999999986 -0.051065979224316424 0.0
3.896099999999986 -0.05426570591898423 0.0
3.905719999999986 -0.05670468935722009 0.0
3.915339999999986 -0.05836114841608865 0.0
3.924959999999986 -0.059223937852512856 0.0
3.9345799999999858 -0.059292549604514314 0.0
3.9441999999999857 -0.05857697355889967 0.0
3.9538199999999857 -0.05709742155277436 0.0
3.9634399999999856 -0.054883920131238585 0.0
3.9730599999999856 -0.0519757792415654 0.0
3.9826799999999856 -0.04842094558450835 0.0
3.9922999999999855 -0.04427525074740061 0.0
4.001919999999986 -0.039601565494713976 0.0
4.011539999999986 -0.034468872675317154 0.0
4.021159999999986 -0.028951272109792345 0.0
4.030779999999986 -0.023126931536355883 0.0
4.040399999999986 -0.017076998213327386 0.0
4.050019999999986 -0.010884486095527342 0.0
4.059639999999986 -0.004633153619979489 0.0
4.069259999999986 0.0015936129459435799 0.0
4.078879999999986 0.0077138959194315675 0.0
4.088499999999986 0.013648308174367981 0.0
4.0981199999999856 0.01932100711473623 0.0
4.1077399999999855 0.024660647913400727 0.0
4.1173599999999855 0.029601264257397994 0.0
4.126979999999985 0.03408306595983511 0.0
4.136599999999985 0.03805314404265483 0.0
4.146219999999985 0.04146607524573457 0.0
4.155839999999985 0.044284419356723205 0.0
4.165459999999985 0.046479104262472586 0.0
4.175079999999985 0.0480296951760641 0.0
4.184699999999985 0.048924546072106695 0.0
4.194319999999985 0.04916083294598732 0.0
4.203939999999985 0.048744470079116926 0.0
4.213559999999985 0.047689912021472325 0.0
4.223179999999985 0.04601984547519321 0.0
4.232799999999985 0.043764776659984087 0.0
4.242419999999985 0.04096252104517301 0.0
4.252039999999985 0.037657603528540695 0.0
4.261659999999985 0.03390057821415936 0.0
4.271279999999985 0.029747277877996307 0.0
4.280899999999985 0.025258004000433126 0.0
4.290519999999985 0.020496668880690523 0.0
4.300139999999985 0.015529901823153001 0.0
4.309759999999985 0.0104261316956882 0.0
4.319379999999985 0.005254658303419239 0.0
4.328999999999985 8.472499842868787E-5 0.0
4.338619999999985 -0.005015395240864653 0.0
4.348239999999985 -0.009979288372696226 0.0
4.3578599999999845 -0.01474325110742902 0.0
4.3674799999999845 -0.019247095227325848 0.0
4.3770999999999844 -0.02343489443731516 0.0
4.386719999999984 -0.027255664669437903 0.0
4.396339999999984 -0.030663969767272748 0.0
4.405959999999984 -0.03362044557312972 0.0
4.415579999999984 -0.036092236614418814 0.0
4.425199999999984 -0.03805334081977927 0.0
4.434819999999984 -0.039484858973162534 0.0
4.444439999999984 -0.04037514691762442 0.0
4.454059999999984 -0.040719869832524146 0.0
4.463679999999984 -0.04052195921070358 0.0
4.473299999999984 -0.0397914744389434 0.0
4.482919999999984 -0.0385453721190568 0.0
4.492539999999984 -0.036807187442669934 0.0
4.502159999999984 -0.03460663303532128 0.0
4.511779999999984 -0.0319791217014277 0.0
4.521399999999984 -0.02896522041868231 0.0
4.531019999999984 -0.025610043737811453 0.0
4.540639999999984 -0.021962595432164302 0.0
4.550259999999984 -0.018075067803873714 0.0
4.559879999999984 -0.014002108483615983 0.0
4.569499999999984 -0.009800064855436698 0.0
4.579119999999984 -0.005526216394674435 0.0
4.588739999999984 -0.0012380052255269772 0.0
4.598359999999984 0.0030077249130843297 0.0
4.6079799999999835 0.007155471355558834 0.0
4.6175999999999835 0.011151787292473596 0.0
4.6272199999999835 0.014945959588933239 0.0
4.636839999999983 0.018490641191684018 0.0
4.646459999999983 0.0217424303940301 0.0
4.656079999999983 0.024662390035661088 0.0
4.665699999999983 0.027216500602934596 0.0
4.675319999999983 0.02937604215111721 0.0
4.684939999999983 0.031117900980017026 0.0
4.694559999999983 0.032424798044259726 0.0
4.704179999999983 0.03328543715475243 0.0
4.713799999999983 0.03369457211409143 0.0
4.723419999999983 0.033652993011302944 0.0
4.733039999999983 0.03316743296610769 0.0
4.742659999999983 0.03225039764604939 0.0
4.752279999999983 0.030919920868110587 0.0
4.761899999999983 0.029199250527416887 0.0
4.771519999999983 0.02711646995779123 0.0
4.781139999999983 0.02470406061181813 0.0
4.790759999999983 0.02199841264245939 0.0
4.800379999999983 0.019039290566169494 0.0
4.809999999999983 0.015869261682316237 0.0
4.819619999999983 0.012533095310396607 0.0
4.829239999999983 0.00907714118142609 0.0
4.838859999999983 0.005548695480873639 0.0
4.848479999999983 0.0019953630870506956 0.0
4.8580999999999825 -0.0015355755181035186 0.0
4.8677199999999825 -0.004997784366924883 0.0
4.8773399999999825 -0.008346471138911507 0.0
4.886959999999982 -0.011538957682049588 0.0
4.896579999999982 -0.01453521477862466 0.0
4.906199999999982 -0.017298354581906407 0.0
4.915819999999982 -0.019795074799448156 0.0
4.925439999999982 -0.02199604941744452 0.0
4.935059999999982 -0.02387626153819683 0.0
4.944679999999982 -0.025415274728166216 0.0
4.954299999999982 -0.02659744013578791 0.0
4.963919999999982 -0.02741203752429749 0.0
4.973539999999982 -0.02785334926324099 0.0
4.983159999999982 -0.027920667221068153 0.0
4.992779999999982 -0.02761823338836602 0.0
